s := BelyiDBInitialize();

/*
Base Field Data
*/

base_field_data := [* *];
K1<nu1> := NumberField(Polynomial([RationalField() | 1, 0, 0, 3, 0, 0, -3, 0, 0, 1]));
place1 := InfinitePlaces(K1)[1];
conj1 := false;
CC<I> := ComplexField(20);
z1 := 0.00000000000000000000p20;
base_field_data_1 := [* K1, place1, conj1, z1 *];
Append(~base_field_data, base_field_data_1);
K2<nu2> := NumberField(Polynomial([RationalField() | 1, 0, 0, 3, 0, 0, -3, 0, 0, 1]));
place2 := InfinitePlaces(K2)[1];
conj2 := false;
CC<I> := ComplexField(20);
z2 := 0.00000000000000000000p20;
base_field_data_2 := [* K2, place2, conj2, z2 *];
Append(~base_field_data, base_field_data_2);
K3<nu3> := NumberField(Polynomial([RationalField() | 1, 0, 0, 3, 0, 0, -3, 0, 0, 1]));
place3 := InfinitePlaces(K3)[1];
conj3 := false;
CC<I> := ComplexField(20);
z3 := 0.00000000000000000000p20;
base_field_data_3 := [* K3, place3, conj3, z3 *];
Append(~base_field_data, base_field_data_3);
s`BelyiDBBaseFieldData := base_field_data;

/*
Belyi Maps
*/

curves := [* *];
maps := [* *];
K1<nu1> := K1;
aInvs1 := [0,0,0,-1560*nu1^8 + 1080*nu1^7 + 3900*nu1^5 - 3240*nu1^4 + 1680*nu1^3 - 3900*nu1^2 + 2160*nu1 - 1680,29400*nu1^8 - 117600*nu1^5 + 42840*nu1^4 + 117600*nu1^2 - 85680*nu1 + 61489];
E1 := EllipticCurve(aInvs1);
X1 := BaseChange(E1, K1);
KX1<x,y> := FunctionField(X1);
phi1 := KX1!((1/1458*x^12 + 1/54*(-2*nu1^8 + 3*nu1^7 - 4*nu1^6 + 8*nu1^5 - 6*nu1^4 + 8*nu1^3 - 14*nu1^2 + 9*nu1 - 4)*x^11 + 1/243*(5620*nu1^8 - 4059*nu1^7 - 14050*nu1^5 + 12177*nu1^4 - 5828*nu1^3 + 14050*nu1^2 - 8118*nu1 + 5828)*x^10 + 1/729*(-1621140*nu1^8 + 6484560*nu1^5 - 2337030*nu1^4 - 6484560*nu1^2 + 4674060*nu1 - 3292198)*x^9 + 1/27*(3872756*nu1^8 - 5576304*nu1^7 + 8068588*nu1^6 - 15491024*nu1^5 + 11152608*nu1^4 - 16137176*nu1^3 + 27109292*nu1^2 - 16728912*nu1 + 8068588)*x^8 + 1/81*(-2168510984*nu1^8 + 1563678648*nu1^7 + 5421277460*nu1^5 - 4691035944*nu1^4 + 2255946808*nu1^3 - 5421277460*nu1^2 + 3127357296*nu1 - 2255946808)*x^7 + 1/243*(223325313240*nu1^8 - 893301252960*nu1^5 + 322123681584*nu1^4 + 893301252960*nu1^2 - 644247363168*nu1 + 464366018368)*x^6 + 1/27*(-630673778312*nu1^8 + 909520512240*nu1^7 - 1311922699360*nu1^6 + 2522695113248*nu1^5 - 1819041024480*nu1^4 + 2623845398720*nu1^3 - 4414716448184*nu1^2 + 2728561536720*nu1 - 1311922699360)*x^5 + 1/81*(141263395788256*nu1^8 - 101869259086080*nu1^7 - 353158489470640*nu1^5 + 305607777258240*nu1^4 - 146921693367344*nu1^3 + 353158489470640*nu1^2 - 203738518172160*nu1 + 146921693367344)*x^4 + 1/729*(-16979871257618976*nu1^8 + 67919485030475904*nu1^5 - 24489407969866080*nu1^4 - 67919485030475904*nu1^2 + 48978815939732160*nu1 - 35319473837223136)*x^3 + 1/27*(5698926560212000*nu1^8 - 8219245694918208*nu1^7 + 11854236210504032*nu1^6 - 22795706240848000*nu1^5 + 16438491389836416*nu1^4 - 23708472421008064*nu1^3 + 39892485921484000*nu1^2 - 24657737084754624*nu1 + 11854236210504032)*x^2 + 1/243*(-1131574197499716992*nu1^8 + 816006928153647168*nu1^7 + 2828935493749292480*nu1^5 - 2448020784460941504*nu1^4 + 1176884127970971520*nu1^3 - 2828935493749292480*nu1^2 + 1632013856307294336*nu1 - 1176884127970971520)*x + 1/729*(8610817816485925248*nu1^8 - 34443271265943700992*nu1^5 + 12418929773124448896*nu1^4 + 34443271265943700992*nu1^2 - 24837859546248897792*nu1 + 17911198838042447360))/(x^12 + (-54*nu1^8 + 81*nu1^7 - 108*nu1^6 + 216*nu1^5 - 162*nu1^4 + 216*nu1^3 - 378*nu1^2 + 243*nu1 - 108)*x^11 + (33408*nu1^8 - 24138*nu1^7 - 83520*nu1^5 + 72414*nu1^4 - 34632*nu1^3 + 83520*nu1^2 - 48276*nu1 + 34632)*x^10 + (-3128904*nu1^8 + 12515616*nu1^5 - 4510188*nu1^4 - 12515616*nu1^2 + 9020376*nu1 - 6500292)*x^9 + (197645976*nu1^8 - 285032736*nu1^7 + 411163632*nu1^6 - 790583904*nu1^5 + 570065472*nu1^4 - 822327264*nu1^3 + 1383521832*nu1^2 - 855098208*nu1 + 411163632)*x^8 + (-35532457200*nu1^8 + 25623339120*nu1^7 + 88831143000*nu1^5 - 76870017360*nu1^4 + 36955969056*nu1^3 - 88831143000*nu1^2 + 51246678240*nu1 - 36955969056)*x^7 + (1164415871664*nu1^8 - 4657663486656*nu1^5 + 1679389948224*nu1^4 + 4657663486656*nu1^2 - 3358779896448*nu1 + 2422101909504)*x^6 + (-28033563896784*nu1^8 + 40431423399840*nu1^7 - 58312026427680*nu1^6 + 112134255587136*nu1^5 - 80862846799680*nu1^4 + 116624052855360*nu1^3 - 196234947277488*nu1^2 + 121294270199520*nu1 - 58312026427680)*x^5 + (1968393279832128*nu1^8 - 1419456769752384*nu1^7 - 4920983199580320*nu1^5 + 4258370309257152*nu1^4 - 2047210585648416*nu1^3 + 4920983199580320*nu1^2 - 2838913539504768*nu1 + 2047210585648416)*x^4 + (-24569821417777344*nu1^8 + 98279285671109376*nu1^5 - 35435802250266048*nu1^4 - 98279285671109376*nu1^2 + 70871604500532096*nu1 - 51107275414181312)*x^3 + (207002057317269696*nu1^8 - 298548639332885376*nu1^7 + 430581750217481664*nu1^6 - 828008229269078784*nu1^5 + 597097278665770752*nu1^4 - 861163500434963328*nu1^3 + 1449014401220887872*nu1^2 - 895645917998656128*nu1 + 430581750217481664)*x^2 + (-4227681919643981568*nu1^8 + 3048686482541574528*nu1^7 + 10569204799109953920*nu1^5 - 9146059447624723584*nu1^4 + 4396966101447763968*nu1^3 - 10569204799109953920*nu1^2 + 6097372965083149056*nu1 - 4396966101447763968)*x + (9893045775856483584*nu1^8 - 39572183103425934336*nu1^5 + 14268240286121532672*nu1^4 + 39572183103425934336*nu1^2 - 28536480572243065344*nu1 + 20578364288833674240))*y + 1/2);
Append(~curves, X1);
Append(~maps, phi1);
K2<nu2> := K2;
aInvs2 := [0,0,0,-1560*nu2^8 + 1080*nu2^7 + 3900*nu2^5 - 3240*nu2^4 + 1680*nu2^3 - 3900*nu2^2 + 2160*nu2 - 1680,29400*nu2^8 - 117600*nu2^5 + 42840*nu2^4 + 117600*nu2^2 - 85680*nu2 + 61489];
E2 := EllipticCurve(aInvs2);
X2 := BaseChange(E2, K2);
KX2<x,y> := FunctionField(X2);
phi2 := KX2!((1/1458*x^12 + 1/54*(-2*nu2^8 + 3*nu2^7 - 4*nu2^6 + 8*nu2^5 - 6*nu2^4 + 8*nu2^3 - 14*nu2^2 + 9*nu2 - 4)*x^11 + 1/243*(5620*nu2^8 - 4059*nu2^7 - 14050*nu2^5 + 12177*nu2^4 - 5828*nu2^3 + 14050*nu2^2 - 8118*nu2 + 5828)*x^10 + 1/729*(-1621140*nu2^8 + 6484560*nu2^5 - 2337030*nu2^4 - 6484560*nu2^2 + 4674060*nu2 - 3292198)*x^9 + 1/27*(3872756*nu2^8 - 5576304*nu2^7 + 8068588*nu2^6 - 15491024*nu2^5 + 11152608*nu2^4 - 16137176*nu2^3 + 27109292*nu2^2 - 16728912*nu2 + 8068588)*x^8 + 1/81*(-2168510984*nu2^8 + 1563678648*nu2^7 + 5421277460*nu2^5 - 4691035944*nu2^4 + 2255946808*nu2^3 - 5421277460*nu2^2 + 3127357296*nu2 - 2255946808)*x^7 + 1/243*(223325313240*nu2^8 - 893301252960*nu2^5 + 322123681584*nu2^4 + 893301252960*nu2^2 - 644247363168*nu2 + 464366018368)*x^6 + 1/27*(-630673778312*nu2^8 + 909520512240*nu2^7 - 1311922699360*nu2^6 + 2522695113248*nu2^5 - 1819041024480*nu2^4 + 2623845398720*nu2^3 - 4414716448184*nu2^2 + 2728561536720*nu2 - 1311922699360)*x^5 + 1/81*(141263395788256*nu2^8 - 101869259086080*nu2^7 - 353158489470640*nu2^5 + 305607777258240*nu2^4 - 146921693367344*nu2^3 + 353158489470640*nu2^2 - 203738518172160*nu2 + 146921693367344)*x^4 + 1/729*(-16979871257618976*nu2^8 + 67919485030475904*nu2^5 - 24489407969866080*nu2^4 - 67919485030475904*nu2^2 + 48978815939732160*nu2 - 35319473837223136)*x^3 + 1/27*(5698926560212000*nu2^8 - 8219245694918208*nu2^7 + 11854236210504032*nu2^6 - 22795706240848000*nu2^5 + 16438491389836416*nu2^4 - 23708472421008064*nu2^3 + 39892485921484000*nu2^2 - 24657737084754624*nu2 + 11854236210504032)*x^2 + 1/243*(-1131574197499716992*nu2^8 + 816006928153647168*nu2^7 + 2828935493749292480*nu2^5 - 2448020784460941504*nu2^4 + 1176884127970971520*nu2^3 - 2828935493749292480*nu2^2 + 1632013856307294336*nu2 - 1176884127970971520)*x + 1/729*(8610817816485925248*nu2^8 - 34443271265943700992*nu2^5 + 12418929773124448896*nu2^4 + 34443271265943700992*nu2^2 - 24837859546248897792*nu2 + 17911198838042447360))/(x^12 + (-54*nu2^8 + 81*nu2^7 - 108*nu2^6 + 216*nu2^5 - 162*nu2^4 + 216*nu2^3 - 378*nu2^2 + 243*nu2 - 108)*x^11 + (33408*nu2^8 - 24138*nu2^7 - 83520*nu2^5 + 72414*nu2^4 - 34632*nu2^3 + 83520*nu2^2 - 48276*nu2 + 34632)*x^10 + (-3128904*nu2^8 + 12515616*nu2^5 - 4510188*nu2^4 - 12515616*nu2^2 + 9020376*nu2 - 6500292)*x^9 + (197645976*nu2^8 - 285032736*nu2^7 + 411163632*nu2^6 - 790583904*nu2^5 + 570065472*nu2^4 - 822327264*nu2^3 + 1383521832*nu2^2 - 855098208*nu2 + 411163632)*x^8 + (-35532457200*nu2^8 + 25623339120*nu2^7 + 88831143000*nu2^5 - 76870017360*nu2^4 + 36955969056*nu2^3 - 88831143000*nu2^2 + 51246678240*nu2 - 36955969056)*x^7 + (1164415871664*nu2^8 - 4657663486656*nu2^5 + 1679389948224*nu2^4 + 4657663486656*nu2^2 - 3358779896448*nu2 + 2422101909504)*x^6 + (-28033563896784*nu2^8 + 40431423399840*nu2^7 - 58312026427680*nu2^6 + 112134255587136*nu2^5 - 80862846799680*nu2^4 + 116624052855360*nu2^3 - 196234947277488*nu2^2 + 121294270199520*nu2 - 58312026427680)*x^5 + (1968393279832128*nu2^8 - 1419456769752384*nu2^7 - 4920983199580320*nu2^5 + 4258370309257152*nu2^4 - 2047210585648416*nu2^3 + 4920983199580320*nu2^2 - 2838913539504768*nu2 + 2047210585648416)*x^4 + (-24569821417777344*nu2^8 + 98279285671109376*nu2^5 - 35435802250266048*nu2^4 - 98279285671109376*nu2^2 + 70871604500532096*nu2 - 51107275414181312)*x^3 + (207002057317269696*nu2^8 - 298548639332885376*nu2^7 + 430581750217481664*nu2^6 - 828008229269078784*nu2^5 + 597097278665770752*nu2^4 - 861163500434963328*nu2^3 + 1449014401220887872*nu2^2 - 895645917998656128*nu2 + 430581750217481664)*x^2 + (-4227681919643981568*nu2^8 + 3048686482541574528*nu2^7 + 10569204799109953920*nu2^5 - 9146059447624723584*nu2^4 + 4396966101447763968*nu2^3 - 10569204799109953920*nu2^2 + 6097372965083149056*nu2 - 4396966101447763968)*x + (9893045775856483584*nu2^8 - 39572183103425934336*nu2^5 + 14268240286121532672*nu2^4 + 39572183103425934336*nu2^2 - 28536480572243065344*nu2 + 20578364288833674240))*y + 1/2);
Append(~curves, X2);
Append(~maps, phi2);
K3<nu3> := K3;
aInvs3 := [0,0,0,-1560*nu3^8 + 1080*nu3^7 + 3900*nu3^5 - 3240*nu3^4 + 1680*nu3^3 - 3900*nu3^2 + 2160*nu3 - 1680,29400*nu3^8 - 117600*nu3^5 + 42840*nu3^4 + 117600*nu3^2 - 85680*nu3 + 61489];
E3 := EllipticCurve(aInvs3);
X3 := BaseChange(E3, K3);
KX3<x,y> := FunctionField(X3);
phi3 := KX3!((1/1458*x^12 + 1/54*(-2*nu3^8 + 3*nu3^7 - 4*nu3^6 + 8*nu3^5 - 6*nu3^4 + 8*nu3^3 - 14*nu3^2 + 9*nu3 - 4)*x^11 + 1/243*(5620*nu3^8 - 4059*nu3^7 - 14050*nu3^5 + 12177*nu3^4 - 5828*nu3^3 + 14050*nu3^2 - 8118*nu3 + 5828)*x^10 + 1/729*(-1621140*nu3^8 + 6484560*nu3^5 - 2337030*nu3^4 - 6484560*nu3^2 + 4674060*nu3 - 3292198)*x^9 + 1/27*(3872756*nu3^8 - 5576304*nu3^7 + 8068588*nu3^6 - 15491024*nu3^5 + 11152608*nu3^4 - 16137176*nu3^3 + 27109292*nu3^2 - 16728912*nu3 + 8068588)*x^8 + 1/81*(-2168510984*nu3^8 + 1563678648*nu3^7 + 5421277460*nu3^5 - 4691035944*nu3^4 + 2255946808*nu3^3 - 5421277460*nu3^2 + 3127357296*nu3 - 2255946808)*x^7 + 1/243*(223325313240*nu3^8 - 893301252960*nu3^5 + 322123681584*nu3^4 + 893301252960*nu3^2 - 644247363168*nu3 + 464366018368)*x^6 + 1/27*(-630673778312*nu3^8 + 909520512240*nu3^7 - 1311922699360*nu3^6 + 2522695113248*nu3^5 - 1819041024480*nu3^4 + 2623845398720*nu3^3 - 4414716448184*nu3^2 + 2728561536720*nu3 - 1311922699360)*x^5 + 1/81*(141263395788256*nu3^8 - 101869259086080*nu3^7 - 353158489470640*nu3^5 + 305607777258240*nu3^4 - 146921693367344*nu3^3 + 353158489470640*nu3^2 - 203738518172160*nu3 + 146921693367344)*x^4 + 1/729*(-16979871257618976*nu3^8 + 67919485030475904*nu3^5 - 24489407969866080*nu3^4 - 67919485030475904*nu3^2 + 48978815939732160*nu3 - 35319473837223136)*x^3 + 1/27*(5698926560212000*nu3^8 - 8219245694918208*nu3^7 + 11854236210504032*nu3^6 - 22795706240848000*nu3^5 + 16438491389836416*nu3^4 - 23708472421008064*nu3^3 + 39892485921484000*nu3^2 - 24657737084754624*nu3 + 11854236210504032)*x^2 + 1/243*(-1131574197499716992*nu3^8 + 816006928153647168*nu3^7 + 2828935493749292480*nu3^5 - 2448020784460941504*nu3^4 + 1176884127970971520*nu3^3 - 2828935493749292480*nu3^2 + 1632013856307294336*nu3 - 1176884127970971520)*x + 1/729*(8610817816485925248*nu3^8 - 34443271265943700992*nu3^5 + 12418929773124448896*nu3^4 + 34443271265943700992*nu3^2 - 24837859546248897792*nu3 + 17911198838042447360))/(x^12 + (-54*nu3^8 + 81*nu3^7 - 108*nu3^6 + 216*nu3^5 - 162*nu3^4 + 216*nu3^3 - 378*nu3^2 + 243*nu3 - 108)*x^11 + (33408*nu3^8 - 24138*nu3^7 - 83520*nu3^5 + 72414*nu3^4 - 34632*nu3^3 + 83520*nu3^2 - 48276*nu3 + 34632)*x^10 + (-3128904*nu3^8 + 12515616*nu3^5 - 4510188*nu3^4 - 12515616*nu3^2 + 9020376*nu3 - 6500292)*x^9 + (197645976*nu3^8 - 285032736*nu3^7 + 411163632*nu3^6 - 790583904*nu3^5 + 570065472*nu3^4 - 822327264*nu3^3 + 1383521832*nu3^2 - 855098208*nu3 + 411163632)*x^8 + (-35532457200*nu3^8 + 25623339120*nu3^7 + 88831143000*nu3^5 - 76870017360*nu3^4 + 36955969056*nu3^3 - 88831143000*nu3^2 + 51246678240*nu3 - 36955969056)*x^7 + (1164415871664*nu3^8 - 4657663486656*nu3^5 + 1679389948224*nu3^4 + 4657663486656*nu3^2 - 3358779896448*nu3 + 2422101909504)*x^6 + (-28033563896784*nu3^8 + 40431423399840*nu3^7 - 58312026427680*nu3^6 + 112134255587136*nu3^5 - 80862846799680*nu3^4 + 116624052855360*nu3^3 - 196234947277488*nu3^2 + 121294270199520*nu3 - 58312026427680)*x^5 + (1968393279832128*nu3^8 - 1419456769752384*nu3^7 - 4920983199580320*nu3^5 + 4258370309257152*nu3^4 - 2047210585648416*nu3^3 + 4920983199580320*nu3^2 - 2838913539504768*nu3 + 2047210585648416)*x^4 + (-24569821417777344*nu3^8 + 98279285671109376*nu3^5 - 35435802250266048*nu3^4 - 98279285671109376*nu3^2 + 70871604500532096*nu3 - 51107275414181312)*x^3 + (207002057317269696*nu3^8 - 298548639332885376*nu3^7 + 430581750217481664*nu3^6 - 828008229269078784*nu3^5 + 597097278665770752*nu3^4 - 861163500434963328*nu3^3 + 1449014401220887872*nu3^2 - 895645917998656128*nu3 + 430581750217481664)*x^2 + (-4227681919643981568*nu3^8 + 3048686482541574528*nu3^7 + 10569204799109953920*nu3^5 - 9146059447624723584*nu3^4 + 4396966101447763968*nu3^3 - 10569204799109953920*nu3^2 + 6097372965083149056*nu3 - 4396966101447763968)*x + (9893045775856483584*nu3^8 - 39572183103425934336*nu3^5 + 14268240286121532672*nu3^4 + 39572183103425934336*nu3^2 - 28536480572243065344*nu3 + 20578364288833674240))*y + 1/2);
Append(~curves, X3);
Append(~maps, phi3);
s`BelyiDBBelyiCurves := curves;
s`BelyiDBBelyiMaps := maps;

/*
auto printing
*/

s`BelyiDBName := "27T104-[3,3,3]-3,3,3,3,3,3,3,3,3-3,3,3,3,3,3,3,3,3-3,3,3,3,3,3,3,3,3-g1";
s`BelyiDBFilename := "27T104-[3,3,3]-3,3,3,3,3,3,3,3,3-3,3,3,3,3,3,3,3,3-3,3,3,3,3,3,3,3,3-g1.m";
s`BelyiDBDegree := 27;
s`BelyiDBOrders := \[ 3, 3, 3 ];
s`BelyiDBType := "Euclidean";
s`BelyiDBGenus := 1;
s`BelyiDBSize := 3;
s`BelyiDBPointedSize := 3;
s`BelyiDBPermutationTriple := [ PermutationGroup<27 |  
\[ 2, 3, 4, 5, 6, 7, 8, 9, 10, 11, 12, 13, 14, 15, 16, 17, 18, 19, 20, 21, 22, 23, 24, 25, 26, 27, 1 ],
\[ 2, 1, 3, 4, 5, 6, 7, 8, 9, 10, 11, 12, 13, 14, 15, 16, 17, 18, 19, 20, 21, 22, 23, 24, 25, 26, 27 ]:
 Order := 10888869450418352160768000000 > |
[ 3, 20, 17, 9, 26, 12, 2, 27, 19, 11, 25, 24, 23, 13, 22, 5, 1, 15, 4, 7, 8, 18, 14, 6, 10, 16, 21 ],
[ 3, 4, 8, 7, 14, 18, 2, 1, 19, 11, 23, 24, 5, 13, 6, 17, 26, 15, 25, 12, 22, 27, 10, 20, 9, 16, 21 ],
[ 16, 4, 8, 9, 26, 12, 24, 27, 2, 19, 23, 15, 5, 11, 6, 17, 1, 21, 25, 7, 22, 18, 14, 20, 10, 13, 3 ]
];
s`BelyiDBAutomorphismGroup := PermutationGroup<27 |  
\[ 26, 24, 16, 20, 23, 22, 12, 17, 7, 9, 19, 18, 11, 10, 21, 13, 5, 27, 2, 6, 3, 8, 25, 15, 4, 14, 1 ]:
 Order := 9 >;
s`BelyiDBPointedAutomorphismGroup := PermutationGroup<27 |   >;
s`BelyiDBMonodromyGroup := PermutationGroup<27 |  
\[ 3, 20, 17, 9, 26, 12, 2, 27, 19, 11, 25, 24, 23, 13, 22, 5, 1, 15, 4, 7, 8, 18, 14, 6, 10, 16, 21 ],
\[ 3, 4, 8, 7, 14, 18, 2, 1, 19, 11, 23, 24, 5, 13, 6, 17, 26, 15, 25, 12, 22, 27, 10, 20, 9, 16, 21 ],
\[ 16, 4, 8, 9, 26, 12, 24, 27, 2, 19, 23, 15, 5, 11, 6, 17, 1, 21, 25, 7, 22, 18, 14, 20, 10, 13, 3 ]:
 Order := 243 >;
s`BelyiDBPassport := [ PowerSequence(PermutationGroup<27 |  
\[ 3, 20, 17, 9, 26, 12, 2, 27, 19, 11, 25, 24, 23, 13, 22, 5, 1, 15, 4, 7, 8, 18, 14, 6, 10, 16, 21 ],
\[ 3, 4, 8, 7, 14, 18, 2, 1, 19, 11, 23, 24, 5, 13, 6, 17, 26, 15, 25, 12, 22, 27, 10, 20, 9, 16, 21 ],
\[ 16, 4, 8, 9, 26, 12, 24, 27, 2, 19, 23, 15, 5, 11, 6, 17, 1, 21, 25, 7, 22, 18, 14, 20, 10, 13, 3 ]:
 Order := 243 >) |
[ PermutationGroup<27 |  
\[ 3, 20, 17, 9, 26, 12, 2, 27, 19, 11, 25, 24, 23, 13, 22, 5, 1, 15, 4, 7, 8, 18, 14, 6, 10, 16, 21 ],
\[ 3, 4, 8, 7, 14, 18, 2, 1, 19, 11, 23, 24, 5, 13, 6, 17, 26, 15, 25, 12, 22, 27, 10, 20, 9, 16, 21 ],
\[ 16, 4, 8, 9, 26, 12, 24, 27, 2, 19, 23, 15, 5, 11, 6, 17, 1, 21, 25, 7, 22, 18, 14, 20, 10, 13, 3 ]:
 Order := 243 > |
[ 3, 20, 17, 9, 26, 12, 2, 27, 19, 11, 25, 24, 23, 13, 22, 5, 1, 15, 4, 7, 8, 18, 14, 6, 10, 16, 21 ],
[ 3, 25, 22, 12, 10, 27, 2, 26, 19, 11, 5, 24, 17, 13, 20, 8, 14, 15, 23, 18, 6, 1, 9, 4, 7, 16, 21 ],
[ 13, 25, 22, 9, 26, 12, 15, 27, 24, 2, 5, 21, 17, 19, 20, 8, 1, 3, 23, 7, 6, 18, 14, 4, 10, 11, 16 ]
],
[ PermutationGroup<27 |  
\[ 3, 20, 17, 9, 26, 12, 2, 27, 19, 11, 25, 24, 23, 13, 22, 5, 1, 15, 4, 7, 8, 18, 14, 6, 10, 16, 21 ],
\[ 3, 4, 8, 7, 14, 18, 2, 1, 19, 11, 23, 24, 5, 13, 6, 17, 26, 15, 25, 12, 22, 27, 10, 20, 9, 16, 21 ],
\[ 16, 4, 8, 9, 26, 12, 24, 27, 2, 19, 23, 15, 5, 11, 6, 17, 1, 21, 25, 7, 22, 18, 14, 20, 10, 13, 3 ]:
 Order := 243 > |
[ 3, 20, 17, 9, 26, 12, 2, 27, 19, 11, 25, 24, 23, 13, 22, 5, 1, 15, 4, 7, 8, 18, 14, 6, 10, 16, 21 ],
[ 16, 5, 20, 18, 9, 1, 24, 14, 2, 19, 8, 15, 22, 11, 25, 6, 10, 21, 17, 27, 4, 26, 7, 23, 12, 13, 3 ],
[ 19, 23, 6, 10, 1, 7, 3, 18, 21, 15, 17, 16, 8, 24, 4, 22, 27, 13, 5, 9, 20, 12, 26, 25, 14, 2, 11 ]
],
[ PermutationGroup<27 |  
\[ 3, 20, 17, 9, 26, 12, 2, 27, 19, 11, 25, 24, 23, 13, 22, 5, 1, 15, 4, 7, 8, 18, 14, 6, 10, 16, 21 ],
\[ 3, 4, 8, 7, 14, 18, 2, 1, 19, 11, 23, 24, 5, 13, 6, 17, 26, 15, 25, 12, 22, 27, 10, 20, 9, 16, 21 ],
\[ 16, 4, 8, 9, 26, 12, 24, 27, 2, 19, 23, 15, 5, 11, 6, 17, 1, 21, 25, 7, 22, 18, 14, 20, 10, 13, 3 ]:
 Order := 243 > |
[ 3, 20, 17, 9, 26, 12, 2, 27, 19, 11, 25, 24, 23, 13, 22, 5, 1, 15, 4, 7, 8, 18, 14, 6, 10, 16, 21 ],
[ 13, 23, 6, 7, 14, 18, 15, 1, 24, 2, 17, 21, 8, 19, 4, 22, 26, 3, 5, 12, 20, 27, 10, 25, 9, 11, 16 ],
[ 11, 4, 8, 14, 27, 9, 21, 12, 15, 24, 23, 3, 5, 2, 6, 17, 18, 16, 25, 10, 22, 7, 1, 20, 26, 19, 13 ]
]
];
s`BelyiDBPointedPassport := [ PowerSequence(PermutationGroup<27 |  
\[ 2, 3, 4, 5, 6, 7, 8, 9, 10, 11, 12, 13, 14, 15, 16, 17, 18, 19, 20, 21, 22, 23, 24, 25, 26, 27, 1 ],
\[ 2, 1, 3, 4, 5, 6, 7, 8, 9, 10, 11, 12, 13, 14, 15, 16, 17, 18, 19, 20, 21, 22, 23, 24, 25, 26, 27 ]:
 Order := 10888869450418352160768000000 >) |
[ PermutationGroup<27 |  
\[ 2, 3, 4, 5, 6, 7, 8, 9, 10, 11, 12, 13, 14, 15, 16, 17, 18, 19, 20, 21, 22, 23, 24, 25, 26, 27, 1 ],
\[ 2, 1, 3, 4, 5, 6, 7, 8, 9, 10, 11, 12, 13, 14, 15, 16, 17, 18, 19, 20, 21, 22, 23, 24, 25, 26, 27 ]:
 Order := 10888869450418352160768000000 > |
[ 3, 20, 17, 9, 26, 12, 2, 27, 19, 11, 25, 24, 23, 13, 22, 5, 1, 15, 4, 7, 8, 18, 14, 6, 10, 16, 21 ],
[ 3, 4, 8, 7, 14, 18, 2, 1, 19, 11, 23, 24, 5, 13, 6, 17, 26, 15, 25, 12, 22, 27, 10, 20, 9, 16, 21 ],
[ 16, 4, 8, 9, 26, 12, 24, 27, 2, 19, 23, 15, 5, 11, 6, 17, 1, 21, 25, 7, 22, 18, 14, 20, 10, 13, 3 ]
],
[ PermutationGroup<27 |  
\[ 2, 3, 4, 5, 6, 7, 8, 9, 10, 11, 12, 13, 14, 15, 16, 17, 18, 19, 20, 21, 22, 23, 24, 25, 26, 27, 1 ],
\[ 2, 1, 3, 4, 5, 6, 7, 8, 9, 10, 11, 12, 13, 14, 15, 16, 17, 18, 19, 20, 21, 22, 23, 24, 25, 26, 27 ]:
 Order := 10888869450418352160768000000 > |
[ 24, 23, 6, 26, 18, 10, 13, 7, 16, 3, 17, 11, 8, 21, 4, 22, 12, 19, 5, 14, 20, 9, 27, 25, 1, 15, 2 ],
[ 13, 17, 4, 18, 9, 1, 15, 14, 24, 2, 22, 21, 6, 19, 23, 20, 10, 3, 8, 27, 25, 26, 7, 5, 12, 11, 16 ],
[ 21, 20, 17, 7, 14, 18, 19, 1, 11, 13, 25, 2, 23, 16, 22, 5, 26, 24, 4, 12, 8, 27, 10, 6, 9, 3, 15 ]
],
[ PermutationGroup<27 |  
\[ 2, 3, 4, 5, 6, 7, 8, 9, 10, 11, 12, 13, 14, 15, 16, 17, 18, 19, 20, 21, 22, 23, 24, 25, 26, 27, 1 ],
\[ 2, 1, 3, 4, 5, 6, 7, 8, 9, 10, 11, 12, 13, 14, 15, 16, 17, 18, 19, 20, 21, 22, 23, 24, 25, 26, 27 ]:
 Order := 10888869450418352160768000000 > |
[ 15, 17, 4, 14, 27, 9, 11, 12, 13, 16, 22, 19, 6, 3, 23, 20, 18, 2, 8, 10, 25, 7, 1, 5, 26, 21, 24 ],
[ 11, 5, 20, 7, 14, 18, 21, 1, 15, 24, 8, 3, 22, 2, 25, 6, 26, 16, 17, 12, 4, 27, 10, 23, 9, 19, 13 ],
[ 24, 6, 5, 12, 10, 27, 13, 26, 16, 3, 4, 11, 25, 21, 8, 23, 14, 19, 20, 18, 17, 1, 9, 22, 7, 15, 2 ]
]
];

/*
Numerical Data
*/


/*
Powser Bases
*/


/*
Return for eval
*/

return s;
