s := BelyiDBInitialize();

/*
Base Field Data
*/

base_field_data := [* *];
K1<nu1> := RationalsAsNumberField();
place1 := InfinitePlaces(K1)[1];
conj1 := false;
CC<I> := ComplexField(20);
z1 := 0.00000000000000000000p20;
base_field_data_1 := [* K1, place1, conj1, z1 *];
Append(~base_field_data, base_field_data_1);
s`BelyiDBBaseFieldData := base_field_data;

/*
Belyi Maps
*/

curves := [* *];
maps := [* *];
K1<nu1> := K1;
X1 := Curve(ProjectiveSpace(PolynomialRing(K1, 2)));
KX1<x> := FunctionField(X1);
phi1 := KX1!((x^25 + 146250000*x^24 + 4890190429687500*x^23 - 33339825439453125000000*x^22 + 58339091411232948303222656250*x^21 - 20474588419720530509948730468750000*x^20 + 5819878175600606482475996017456054687500*x^19 - 533773734137030260171741247177124023437500000*x^18 + 18102944991132030594371826737187802791595458984375*x^17 + 14166242214684787725786918599624186754226684570312500000*x^16 - 985487482701241680749237872305457131005823612213134765625000*x^15 + 10244498380083504052162624020638759247958660125732421875000000000*x^14 + 3302423880604486938808688877705632691572645853739231824874877929687500*x^13 - 338824748171399728093146689038989149977965098514687269926071166992187500000*x^12 + 19337145576065002017224669370322703669529129655302313040010631084442138671875000*x^11 - 778942312998846322786906460178987213378853926570855037425644695758819580078125000000*x^10 + 23755795053645905592304419333816877444616257899177858003980645662522874772548675537109375*x^9 - 554182232163074636128689128061179119604992142659669052129345345747424289584159851074218750000*x^8 + 9755725625648228525195846061963115466761121207839074689210923096993610670324414968490600585937500*x^7 - 127381906458924403172265607821790777188130314509297859836001176603303974843584001064300537109375000000*x^6 + 1214355699000356142178169122824915785970919627612093501980696170008955370178682642290368676185607910156250*x^5 - 8285928962084772206182954331283805025068321693600569752173812731674273912574335554381832480430603027343750000*x^4 + 38901554300008603738117429024782256932066129796700230130843634793571302749048967939415888395160436630249023437500*x^3 - 114866794192938790565307369167664144484447233651673907866664275965269594731443802970716205891221761703491210937500000*x^2 + 168261905556062681492149466554195524147139502419444200976558997996000382907388383257885067223469377495348453521728515625*x)/(244140625*x^24 + 1647949218750000*x^23 + 4538297653198242187500*x^22 + 6409138441085815429687500000*x^21 + 4659834882477298378944396972656250*x^20 + 1336532277491642162203788757324218750000*x^19 - 158811386953061628446448594331741333007812500*x^18 - 87934399793709872028557583689689636230468750000000*x^17 + 20318407076878007566644868120420142076909542083740234375*x^16 - 1834827435488132346685929974228201899677515029907226562500000*x^15 + 81030780553427274120158185777285098083666525781154632568359375000*x^14 - 1344118426789497495739238164258466667888569645583629608154296875000000*x^13 - 24742943626251789878594217295549456681058586582366842776536941528320312500*x^12 + 1264372190939830290580643582475355718441889507630548905581235885620117187500000*x^11 - 7022929530895639316078236097749476420266934173497475057956762611865997314453125000*x^10 - 353339201208365400988956716084049574809131111230442456871969625353813171386718750000000*x^9 + 4461543223963144697752850682427376926453092752743699589412784689557156525552272796630859375*x^8 + 47043369301506044660436317945595103405901555481327322438822591266216477379202842712402343750000*x^7 - 894216142715237666790183662872259571249635039763148521788777012275772904104087501764297485351562500*x^6 - 3097905442069315464398347220482319906556680619175350298744736621259221465152222663164138793945312500000*x^5 + 90831555656922976077242164988048020385212674716914763056164035465514516864971028553554788231849670410156250*x^4 + 81683053648312028846440795852561169411162477263412556705183485130858378475693371001398190855979919433593750000*x^3 - 4786116424705782940221140381986006020185301402153079494444344831886233113810158457113175245467573404312133789062500*x^2 + 105163690972539175932593416596372202591962189012152625610349373747500239317117739536178167014668360934592783451080322265625));
Append(~curves, X1);
Append(~maps, phi1);
s`BelyiDBBelyiCurves := curves;
s`BelyiDBBelyiMaps := maps;

/*
auto printing
*/

s`BelyiDBName := "25T15-[2,3,6]-2,2,2,2,2,2,2,2,2,2,2,2,1-3,3,3,3,3,3,3,3,1-6,6,6,6,1-g0";
s`BelyiDBFilename := "25T15-[2,3,6]-2,2,2,2,2,2,2,2,2,2,2,2,1-3,3,3,3,3,3,3,3,1-6,6,6,6,1-g0.m";
s`BelyiDBDegree := 25;
s`BelyiDBOrders := \[ 2, 3, 6 ];
s`BelyiDBType := "Euclidean";
s`BelyiDBGenus := 0;
s`BelyiDBSize := 1;
s`BelyiDBPointedSize := 1;
s`BelyiDBPermutationTriple := [ PermutationGroup<25 |  
\[ 2, 3, 4, 5, 6, 7, 8, 9, 10, 11, 12, 13, 14, 15, 16, 17, 18, 19, 20, 21, 22, 23, 24, 25, 1 ],
\[ 2, 1, 3, 4, 5, 6, 7, 8, 9, 10, 11, 12, 13, 14, 15, 16, 17, 18, 19, 20, 21, 22, 23, 24, 25 ]:
 Order := 15511210043330985984000000 > |
[ 1, 4, 5, 2, 3, 10, 11, 12, 13, 6, 7, 8, 9, 18, 19, 20, 21, 14, 15, 16, 17, 23, 22, 25, 24 ],
[ 3, 1, 2, 7, 9, 4, 6, 5, 8, 15, 16, 11, 18, 10, 14, 12, 13, 17, 21, 20, 22, 19, 25, 23, 24 ],
[ 2, 6, 8, 3, 1, 14, 12, 16, 17, 7, 4, 9, 5, 13, 22, 20, 19, 15, 10, 11, 18, 24, 21, 23, 25 ]
];
s`BelyiDBAutomorphismGroup := PermutationGroup<25 |   >;
s`BelyiDBPointedAutomorphismGroup := PermutationGroup<25 |   >;
s`BelyiDBMonodromyGroup := PermutationGroup<25 |  
\[ 1, 4, 5, 2, 3, 10, 11, 12, 13, 6, 7, 8, 9, 18, 19, 20, 21, 14, 15, 16, 17, 23, 22, 25, 24 ],
\[ 3, 1, 2, 7, 9, 4, 6, 5, 8, 15, 16, 11, 18, 10, 14, 12, 13, 17, 21, 20, 22, 19, 25, 23, 24 ],
\[ 2, 6, 8, 3, 1, 14, 12, 16, 17, 7, 4, 9, 5, 13, 22, 20, 19, 15, 10, 11, 18, 24, 21, 23, 25 ]:
 Order := 150 >;
s`BelyiDBPassport := [ PowerSequence(PermutationGroup<25 |  
\[ 1, 4, 5, 2, 3, 10, 11, 12, 13, 6, 7, 8, 9, 18, 19, 20, 21, 14, 15, 16, 17, 23, 22, 25, 24 ],
\[ 3, 1, 2, 7, 9, 4, 6, 5, 8, 15, 16, 11, 18, 10, 14, 12, 13, 17, 21, 20, 22, 19, 25, 23, 24 ],
\[ 2, 6, 8, 3, 1, 14, 12, 16, 17, 7, 4, 9, 5, 13, 22, 20, 19, 15, 10, 11, 18, 24, 21, 23, 25 ]:
 Order := 150 >) |
[ PermutationGroup<25 |  
\[ 1, 4, 5, 2, 3, 10, 11, 12, 13, 6, 7, 8, 9, 18, 19, 20, 21, 14, 15, 16, 17, 23, 22, 25, 24 ],
\[ 3, 1, 2, 7, 9, 4, 6, 5, 8, 15, 16, 11, 18, 10, 14, 12, 13, 17, 21, 20, 22, 19, 25, 23, 24 ],
\[ 2, 6, 8, 3, 1, 14, 12, 16, 17, 7, 4, 9, 5, 13, 22, 20, 19, 15, 10, 11, 18, 24, 21, 23, 25 ]:
 Order := 150 > |
[ 8, 2, 6, 12, 17, 3, 14, 1, 16, 22, 20, 4, 15, 7, 13, 9, 5, 19, 18, 11, 24, 10, 25, 21, 23 ],
[ 2, 3, 1, 6, 8, 7, 4, 9, 5, 14, 12, 16, 17, 15, 10, 11, 18, 13, 22, 20, 19, 21, 24, 25, 23 ],
[ 5, 1, 4, 11, 13, 2, 10, 3, 12, 19, 20, 7, 14, 6, 18, 8, 9, 21, 17, 16, 23, 15, 24, 22, 25 ]
]
];
s`BelyiDBPointedPassport := [ PowerSequence(PermutationGroup<25 |  
\[ 2, 3, 4, 5, 6, 7, 8, 9, 10, 11, 12, 13, 14, 15, 16, 17, 18, 19, 20, 21, 22, 23, 24, 25, 1 ],
\[ 2, 1, 3, 4, 5, 6, 7, 8, 9, 10, 11, 12, 13, 14, 15, 16, 17, 18, 19, 20, 21, 22, 23, 24, 25 ]:
 Order := 15511210043330985984000000 >) |
[ PermutationGroup<25 |  
\[ 2, 3, 4, 5, 6, 7, 8, 9, 10, 11, 12, 13, 14, 15, 16, 17, 18, 19, 20, 21, 22, 23, 24, 25, 1 ],
\[ 2, 1, 3, 4, 5, 6, 7, 8, 9, 10, 11, 12, 13, 14, 15, 16, 17, 18, 19, 20, 21, 22, 23, 24, 25 ]:
 Order := 15511210043330985984000000 > |
[ 1, 4, 5, 2, 3, 10, 11, 12, 13, 6, 7, 8, 9, 18, 19, 20, 21, 14, 15, 16, 17, 23, 22, 25, 24 ],
[ 3, 1, 2, 7, 9, 4, 6, 5, 8, 15, 16, 11, 18, 10, 14, 12, 13, 17, 21, 20, 22, 19, 25, 23, 24 ],
[ 2, 6, 8, 3, 1, 14, 12, 16, 17, 7, 4, 9, 5, 13, 22, 20, 19, 15, 10, 11, 18, 24, 21, 23, 25 ]
]
];

/*
Numerical Data
*/


/*
Powser Bases
*/


/*
Return for eval
*/

return s;
