s := BelyiDBInitialize();

/*
Base Field Data
*/

base_field_data := [* *];
K1<nu1> := RationalsAsNumberField();
place1 := InfinitePlaces(K1)[1];
conj1 := false;
CC<I> := ComplexField(20);
z1 := 0.00000000000000000000p20;
base_field_data_1 := [* K1, place1, conj1, z1 *];
Append(~base_field_data, base_field_data_1);
s`BelyiDBBaseFieldData := base_field_data;

/*
Belyi Maps
*/

curves := [* *];
maps := [* *];
K1<nu1> := K1;
X1 := Curve(ProjectiveSpace(PolynomialRing(K1, 2)));
KX1<x> := FunctionField(X1);
phi1 := KX1!((x^25 + 15625*x^24 + 73125000*x^23 + 52734375000*x^22 - 228537597656250*x^21 + 56236267089843750*x^20 + 41899108886718750000*x^19 + 15295028686523437500000*x^18 - 9043402969837188720703125*x^17 - 3706573136150836944580078125*x^16 - 473678782582283020019531250000*x^15 + 230056839063763618469238281250000*x^14 + 51596662087831646203994750976562500*x^13 - 4013535181002225726842880249023437500*x^12 - 2758276095846667885780334472656250000000*x^11 - 60417846725613344460725784301757812500000*x^10 + 98887022570437466129078529775142669677734375*x^9 + 1773594211496032357899821363389492034912109375*x^8 - 2070963300848660537667456082999706268310546875000*x^7 + 3982621732401270264745107851922512054443359375000*x^6 + 23522359606995002501150793250417336821556091308593750*x^5 - 233356742132886929574908663198584690690040588378906250*x^4 - 140014045279732157744945197919150814414024353027343750000*x^3 + 410197398280465305893394134528762151603586971759796142578125*x + 10254934957011632647334853363219053790089674293994903564453125)/(31250*x^24 + 105468750000*x^22 + 112472534179687500*x^20 + 30590057373046875000000*x^18 - 7413146272301673889160156250*x^16 + 460113678127527236938476562500000*x^14 - 8027070362004451453685760498046875000*x^12 - 120835693451226688921451568603515625000000*x^10 + 3547188422992064715799642726778984069824218750*x^8 + 7965243464802540529490215703845024108886718750000*x^6 - 466713484265773859149817326397169381380081176757812500*x^4 + 20509869914023265294669706726438107580179348587989807128906250));
Append(~curves, X1);
Append(~maps, phi1);
s`BelyiDBBelyiCurves := curves;
s`BelyiDBBelyiMaps := maps;

/*
auto printing
*/

s`BelyiDBName := "25T6-[3,3,3]-3,3,3,3,3,3,3,3,1-3,3,3,3,3,3,3,3,1-3,3,3,3,3,3,3,3,1-g0";
s`BelyiDBFilename := "25T6-[3,3,3]-3,3,3,3,3,3,3,3,1-3,3,3,3,3,3,3,3,1-3,3,3,3,3,3,3,3,1-g0.m";
s`BelyiDBDegree := 25;
s`BelyiDBOrders := \[ 3, 3, 3 ];
s`BelyiDBType := "Euclidean";
s`BelyiDBGenus := 0;
s`BelyiDBSize := 1;
s`BelyiDBPointedSize := 1;
s`BelyiDBPermutationTriple := [ PermutationGroup<25 |  
\[ 2, 3, 4, 5, 6, 7, 8, 9, 10, 11, 12, 13, 14, 15, 16, 17, 18, 19, 20, 21, 22, 23, 24, 25, 1 ],
\[ 2, 1, 3, 4, 5, 6, 7, 8, 9, 10, 11, 12, 13, 14, 15, 16, 17, 18, 19, 20, 21, 22, 23, 24, 25 ]:
 Order := 15511210043330985984000000 > |
[ 1, 4, 6, 5, 2, 7, 3, 13, 15, 17, 10, 18, 14, 8, 16, 9, 11, 19, 12, 21, 25, 24, 22, 23, 20 ],
[ 11, 2, 7, 19, 23, 22, 9, 1, 3, 14, 8, 5, 15, 18, 25, 17, 24, 10, 21, 6, 4, 20, 12, 16, 13 ],
[ 8, 12, 3, 2, 21, 9, 20, 10, 24, 1, 16, 4, 11, 25, 7, 13, 18, 23, 14, 15, 22, 5, 17, 6, 19 ]
];
s`BelyiDBAutomorphismGroup := PermutationGroup<25 |   >;
s`BelyiDBPointedAutomorphismGroup := PermutationGroup<25 |   >;
s`BelyiDBMonodromyGroup := PermutationGroup<25 |  
\[ 1, 4, 6, 5, 2, 7, 3, 13, 15, 17, 10, 18, 14, 8, 16, 9, 11, 19, 12, 21, 25, 24, 22, 23, 20 ],
\[ 11, 2, 7, 19, 23, 22, 9, 1, 3, 14, 8, 5, 15, 18, 25, 17, 24, 10, 21, 6, 4, 20, 12, 16, 13 ],
\[ 8, 12, 3, 2, 21, 9, 20, 10, 24, 1, 16, 4, 11, 25, 7, 13, 18, 23, 14, 15, 22, 5, 17, 6, 19 ]:
 Order := 75 >;
s`BelyiDBPassport := [ PowerSequence(PermutationGroup<25 |  
\[ 1, 4, 6, 5, 2, 7, 3, 13, 15, 17, 10, 18, 14, 8, 16, 9, 11, 19, 12, 21, 25, 24, 22, 23, 20 ],
\[ 11, 2, 7, 19, 23, 22, 9, 1, 3, 14, 8, 5, 15, 18, 25, 17, 24, 10, 21, 6, 4, 20, 12, 16, 13 ],
\[ 8, 12, 3, 2, 21, 9, 20, 10, 24, 1, 16, 4, 11, 25, 7, 13, 18, 23, 14, 15, 22, 5, 17, 6, 19 ]:
 Order := 75 >) |
[ PermutationGroup<25 |  
\[ 1, 4, 6, 5, 2, 7, 3, 13, 15, 17, 10, 18, 14, 8, 16, 9, 11, 19, 12, 21, 25, 24, 22, 23, 20 ],
\[ 11, 2, 7, 19, 23, 22, 9, 1, 3, 14, 8, 5, 15, 18, 25, 17, 24, 10, 21, 6, 4, 20, 12, 16, 13 ],
\[ 8, 12, 3, 2, 21, 9, 20, 10, 24, 1, 16, 4, 11, 25, 7, 13, 18, 23, 14, 15, 22, 5, 17, 6, 19 ]:
 Order := 75 > |
[ 11, 2, 7, 19, 23, 22, 9, 1, 3, 14, 8, 5, 15, 18, 25, 17, 24, 10, 21, 6, 4, 20, 12, 16, 13 ],
[ 17, 18, 23, 24, 5, 16, 6, 9, 21, 22, 13, 11, 12, 1, 10, 7, 14, 20, 4, 2, 8, 15, 25, 19, 3 ],
[ 21, 20, 8, 9, 13, 18, 25, 12, 16, 2, 14, 3, 23, 15, 11, 4, 6, 17, 19, 10, 24, 7, 5, 1, 22 ]
]
];
s`BelyiDBPointedPassport := [ PowerSequence(PermutationGroup<25 |  
\[ 2, 3, 4, 5, 6, 7, 8, 9, 10, 11, 12, 13, 14, 15, 16, 17, 18, 19, 20, 21, 22, 23, 24, 25, 1 ],
\[ 2, 1, 3, 4, 5, 6, 7, 8, 9, 10, 11, 12, 13, 14, 15, 16, 17, 18, 19, 20, 21, 22, 23, 24, 25 ]:
 Order := 15511210043330985984000000 >) |
[ PermutationGroup<25 |  
\[ 2, 3, 4, 5, 6, 7, 8, 9, 10, 11, 12, 13, 14, 15, 16, 17, 18, 19, 20, 21, 22, 23, 24, 25, 1 ],
\[ 2, 1, 3, 4, 5, 6, 7, 8, 9, 10, 11, 12, 13, 14, 15, 16, 17, 18, 19, 20, 21, 22, 23, 24, 25 ]:
 Order := 15511210043330985984000000 > |
[ 1, 4, 6, 5, 2, 7, 3, 13, 15, 17, 10, 18, 14, 8, 16, 9, 11, 19, 12, 21, 25, 24, 22, 23, 20 ],
[ 11, 2, 7, 19, 23, 22, 9, 1, 3, 14, 8, 5, 15, 18, 25, 17, 24, 10, 21, 6, 4, 20, 12, 16, 13 ],
[ 8, 12, 3, 2, 21, 9, 20, 10, 24, 1, 16, 4, 11, 25, 7, 13, 18, 23, 14, 15, 22, 5, 17, 6, 19 ]
]
];

/*
Numerical Data
*/


/*
Powser Bases
*/


/*
Return for eval
*/

return s;
