s := BelyiDBInitialize();

/*
Base Field Data
*/

base_field_data := [* *];
K1<nu1> := NumberField(Polynomial([RationalField() | 1, -1, 1]));
place1 := InfinitePlaces(K1)[1];
conj1 := false;
CC<I> := ComplexField(20);
z1 := 0.00000000000000000000p20;
base_field_data_1 := [* K1, place1, conj1, z1 *];
Append(~base_field_data, base_field_data_1);
K2<nu2> := NumberField(Polynomial([RationalField() | 1, -1, 1]));
place2 := InfinitePlaces(K2)[1];
conj2 := false;
CC<I> := ComplexField(20);
z2 := 0.00000000000000000000p20;
base_field_data_2 := [* K2, place2, conj2, z2 *];
Append(~base_field_data, base_field_data_2);
s`BelyiDBBaseFieldData := base_field_data;

/*
Belyi Maps
*/

curves := [* *];
maps := [* *];
K1<nu1> := K1;
X1 := Curve(ProjectiveSpace(PolynomialRing(K1, 2)));
KX1<x> := FunctionField(X1);
phi1 := KX1!((-4826809*x^24 + (87925152744*nu1 - 700794745092)*x^22 + (11024533612066104*nu1 - 41741413709708466)*x^20 + (561965627754363863160*nu1 - 1291645322686948930740)*x^18 + (14668113741963071328680040*nu1 - 21210054870890604318518295)*x^16 + (198208246555677211841148844176*nu1 - 151814741058803004934724980488)*x^14 + (1102875332800968031742876300238000*nu1 + 185824045677393185644212639816132)*x^12 + (-1591057412922760257803814738219721104*nu1 + 7137986897139297807483602815790724984)*x^10 + (-27846862697027204912371956451933889841840*nu1 + 9179846646349627646042706984740164701705)*x^8 + (24581234593094211337047916912314236511818760*nu1 - 60796997379743051820238358754480559752156660)*x^6 + (54813491327116910648644689909894362908065950616*nu1 + 15445718838809964591582076795502348272625608398)*x^4 + (-42065415844067781315695731033176695041556999702376*nu1 + 39394736883864165127980719602174575599048182414140)*x^2 - 874617655890702417230106665249750130878156856765240*nu1 - 10299999245106220161643541300732221133823580676548377)/(x^26 + (-19656*nu1 - 1922869)*x^24 + (35204781456*nu1 + 1244502369630)*x^22 + (-21172363037261280*nu1 - 278634694472874558)*x^20 + (4436420855906349990576*nu1 + 4853026892769622045947)*x^18 + (-99108833467842153409208040*nu1 + 14761272733298224241743089)*x^16 + (619180710173216611705438676640*nu1 - 644571114030509316053011719084)*x^14 + (328561891142897111058676691921664*nu1 + 2385307369743994982568157007831244)*x^12 + (-7205291524341970573767110695673705376*nu1 + 4215615891822480998899279905508060263)*x^10 + (-11410572620726889642114843653980472278296*nu1 - 746345517675805603283142034286473100931)*x^8 + (-8456973634898300153665050526415566167012144*nu1 - 19936895456238086515680746969408329954656402)*x^6 + (3717399927277753668752069394496372100488537824*nu1 - 26211059879313213129623200838347592899946761902)*x^4 + (11851693441118753422781438473795233481643658569712*nu1 - 30881392142999931939843045417131991420540545454723)*x^2 - 874617655890702417230106665249750130878156856765240*nu1 - 10299999245106220161643541300732221133823580676548377));
Append(~curves, X1);
Append(~maps, phi1);
K2<nu2> := K2;
X2 := Curve(ProjectiveSpace(PolynomialRing(K2, 2)));
KX2<x> := FunctionField(X2);
phi2 := KX2!((-4826809*x^24 + (87925152744*nu2 - 700794745092)*x^22 + (11024533612066104*nu2 - 41741413709708466)*x^20 + (561965627754363863160*nu2 - 1291645322686948930740)*x^18 + (14668113741963071328680040*nu2 - 21210054870890604318518295)*x^16 + (198208246555677211841148844176*nu2 - 151814741058803004934724980488)*x^14 + (1102875332800968031742876300238000*nu2 + 185824045677393185644212639816132)*x^12 + (-1591057412922760257803814738219721104*nu2 + 7137986897139297807483602815790724984)*x^10 + (-27846862697027204912371956451933889841840*nu2 + 9179846646349627646042706984740164701705)*x^8 + (24581234593094211337047916912314236511818760*nu2 - 60796997379743051820238358754480559752156660)*x^6 + (54813491327116910648644689909894362908065950616*nu2 + 15445718838809964591582076795502348272625608398)*x^4 + (-42065415844067781315695731033176695041556999702376*nu2 + 39394736883864165127980719602174575599048182414140)*x^2 - 874617655890702417230106665249750130878156856765240*nu2 - 10299999245106220161643541300732221133823580676548377)/(x^26 + (-19656*nu2 - 1922869)*x^24 + (35204781456*nu2 + 1244502369630)*x^22 + (-21172363037261280*nu2 - 278634694472874558)*x^20 + (4436420855906349990576*nu2 + 4853026892769622045947)*x^18 + (-99108833467842153409208040*nu2 + 14761272733298224241743089)*x^16 + (619180710173216611705438676640*nu2 - 644571114030509316053011719084)*x^14 + (328561891142897111058676691921664*nu2 + 2385307369743994982568157007831244)*x^12 + (-7205291524341970573767110695673705376*nu2 + 4215615891822480998899279905508060263)*x^10 + (-11410572620726889642114843653980472278296*nu2 - 746345517675805603283142034286473100931)*x^8 + (-8456973634898300153665050526415566167012144*nu2 - 19936895456238086515680746969408329954656402)*x^6 + (3717399927277753668752069394496372100488537824*nu2 - 26211059879313213129623200838347592899946761902)*x^4 + (11851693441118753422781438473795233481643658569712*nu2 - 30881392142999931939843045417131991420540545454723)*x^2 - 874617655890702417230106665249750130878156856765240*nu2 - 10299999245106220161643541300732221133823580676548377));
Append(~curves, X2);
Append(~maps, phi2);
s`BelyiDBBelyiCurves := curves;
s`BelyiDBBelyiMaps := maps;

/*
auto printing
*/

s`BelyiDBName := "26T6-[6,2,3]-6,6,6,6,2-2,2,2,2,2,2,2,2,2,2,2,2,2-3,3,3,3,3,3,3,3,1,1-g0";
s`BelyiDBFilename := "26T6-[6,2,3]-6,6,6,6,2-2,2,2,2,2,2,2,2,2,2,2,2,2-3,3,3,3,3,3,3,3,1,1-g0.m";
s`BelyiDBDegree := 26;
s`BelyiDBOrders := \[ 6, 2, 3 ];
s`BelyiDBType := "Euclidean";
s`BelyiDBGenus := 0;
s`BelyiDBSize := 2;
s`BelyiDBPointedSize := 2;
s`BelyiDBPermutationTriple := [ PermutationGroup<26 |  
\[ 2, 3, 4, 5, 6, 7, 8, 9, 10, 11, 12, 13, 14, 15, 16, 17, 18, 19, 20, 21, 22, 23, 24, 25, 26, 1 ],
\[ 2, 1, 3, 4, 5, 6, 7, 8, 9, 10, 11, 12, 13, 14, 15, 16, 17, 18, 19, 20, 21, 22, 23, 24, 25, 26 ]:
 Order := 403291461126605635584000000 > |
[ 26, 24, 23, 22, 12, 15, 16, 17, 11, 14, 6, 8, 20, 9, 10, 5, 7, 21, 25, 19, 13, 3, 2, 4, 18, 1 ],
[ 18, 21, 7, 25, 13, 16, 3, 17, 14, 19, 20, 23, 5, 9, 22, 6, 8, 1, 10, 11, 2, 15, 12, 26, 4, 24 ],
[ 24, 12, 15, 26, 6, 20, 8, 23, 9, 22, 14, 13, 2, 19, 16, 3, 17, 4, 11, 5, 1, 25, 7, 21, 10, 18 ]
];
s`BelyiDBAutomorphismGroup := PermutationGroup<26 |  
\[ 26, 25, 20, 21, 15, 16, 11, 14, 17, 12, 7, 10, 22, 8, 5, 6, 9, 24, 23, 3, 4, 13, 19, 18, 2, 1 ]:
 Order := 2 >;
s`BelyiDBPointedAutomorphismGroup := PermutationGroup<26 |  
\[ 26, 25, 20, 21, 15, 16, 11, 14, 17, 12, 7, 10, 22, 8, 5, 6, 9, 24, 23, 3, 4, 13, 19, 18, 2, 1 ]:
 Order := 2 >;
s`BelyiDBMonodromyGroup := PermutationGroup<26 |  
\[ 26, 24, 23, 22, 12, 15, 16, 17, 11, 14, 6, 8, 20, 9, 10, 5, 7, 21, 25, 19, 13, 3, 2, 4, 18, 1 ],
\[ 18, 21, 7, 25, 13, 16, 3, 17, 14, 19, 20, 23, 5, 9, 22, 6, 8, 1, 10, 11, 2, 15, 12, 26, 4, 24 ],
\[ 24, 12, 15, 26, 6, 20, 8, 23, 9, 22, 14, 13, 2, 19, 16, 3, 17, 4, 11, 5, 1, 25, 7, 21, 10, 18 ]:
 Order := 78 >;
s`BelyiDBPassport := [ PowerSequence(PermutationGroup<26 |  
\[ 26, 24, 23, 22, 12, 15, 16, 17, 11, 14, 6, 8, 20, 9, 10, 5, 7, 21, 25, 19, 13, 3, 2, 4, 18, 1 ],
\[ 18, 21, 7, 25, 13, 16, 3, 17, 14, 19, 20, 23, 5, 9, 22, 6, 8, 1, 10, 11, 2, 15, 12, 26, 4, 24 ],
\[ 24, 12, 15, 26, 6, 20, 8, 23, 9, 22, 14, 13, 2, 19, 16, 3, 17, 4, 11, 5, 1, 25, 7, 21, 10, 18 ]:
 Order := 78 >) |
[ PermutationGroup<26 |  
\[ 26, 24, 23, 22, 12, 15, 16, 17, 11, 14, 6, 8, 20, 9, 10, 5, 7, 21, 25, 19, 13, 3, 2, 4, 18, 1 ],
\[ 18, 21, 7, 25, 13, 16, 3, 17, 14, 19, 20, 23, 5, 9, 22, 6, 8, 1, 10, 11, 2, 15, 12, 26, 4, 24 ],
\[ 24, 12, 15, 26, 6, 20, 8, 23, 9, 22, 14, 13, 2, 19, 16, 3, 17, 4, 11, 5, 1, 25, 7, 21, 10, 18 ]:
 Order := 78 > |
[ 26, 23, 22, 24, 16, 11, 17, 12, 14, 15, 9, 5, 21, 10, 6, 7, 8, 25, 20, 13, 18, 4, 3, 2, 19, 1 ],
[ 2, 1, 5, 6, 3, 4, 11, 12, 13, 14, 7, 8, 9, 10, 20, 21, 22, 23, 24, 15, 16, 17, 18, 19, 26, 25 ],
[ 25, 19, 18, 17, 8, 20, 21, 22, 7, 10, 4, 12, 15, 13, 14, 3, 11, 16, 26, 24, 9, 5, 1, 6, 23, 2 ]
],
[ PermutationGroup<26 |  
\[ 26, 24, 23, 22, 12, 15, 16, 17, 11, 14, 6, 8, 20, 9, 10, 5, 7, 21, 25, 19, 13, 3, 2, 4, 18, 1 ],
\[ 18, 21, 7, 25, 13, 16, 3, 17, 14, 19, 20, 23, 5, 9, 22, 6, 8, 1, 10, 11, 2, 15, 12, 26, 4, 24 ],
\[ 24, 12, 15, 26, 6, 20, 8, 23, 9, 22, 14, 13, 2, 19, 16, 3, 17, 4, 11, 5, 1, 25, 7, 21, 10, 18 ]:
 Order := 78 > |
[ 26, 24, 23, 22, 12, 15, 16, 17, 11, 14, 6, 8, 20, 9, 10, 5, 7, 21, 25, 19, 13, 3, 2, 4, 18, 1 ],
[ 19, 20, 25, 8, 12, 13, 18, 4, 17, 15, 24, 5, 6, 21, 10, 22, 9, 7, 1, 2, 14, 16, 26, 11, 3, 23 ],
[ 23, 26, 16, 11, 22, 24, 9, 5, 21, 10, 17, 12, 14, 15, 13, 18, 4, 3, 2, 6, 7, 8, 25, 20, 1, 19 ]
]
];
s`BelyiDBPointedPassport := [ PowerSequence(PermutationGroup<26 |  
\[ 2, 3, 4, 5, 6, 7, 8, 9, 10, 11, 12, 13, 14, 15, 16, 17, 18, 19, 20, 21, 22, 23, 24, 25, 26, 1 ],
\[ 2, 1, 3, 4, 5, 6, 7, 8, 9, 10, 11, 12, 13, 14, 15, 16, 17, 18, 19, 20, 21, 22, 23, 24, 25, 26 ]:
 Order := 403291461126605635584000000 >) |
[ PermutationGroup<26 |  
\[ 2, 3, 4, 5, 6, 7, 8, 9, 10, 11, 12, 13, 14, 15, 16, 17, 18, 19, 20, 21, 22, 23, 24, 25, 26, 1 ],
\[ 2, 1, 3, 4, 5, 6, 7, 8, 9, 10, 11, 12, 13, 14, 15, 16, 17, 18, 19, 20, 21, 22, 23, 24, 25, 26 ]:
 Order := 403291461126605635584000000 > |
[ 26, 24, 23, 22, 12, 15, 16, 17, 11, 14, 6, 8, 20, 9, 10, 5, 7, 21, 25, 19, 13, 3, 2, 4, 18, 1 ],
[ 18, 21, 7, 25, 13, 16, 3, 17, 14, 19, 20, 23, 5, 9, 22, 6, 8, 1, 10, 11, 2, 15, 12, 26, 4, 24 ],
[ 24, 12, 15, 26, 6, 20, 8, 23, 9, 22, 14, 13, 2, 19, 16, 3, 17, 4, 11, 5, 1, 25, 7, 21, 10, 18 ]
],
[ PermutationGroup<26 |  
\[ 2, 3, 4, 5, 6, 7, 8, 9, 10, 11, 12, 13, 14, 15, 16, 17, 18, 19, 20, 21, 22, 23, 24, 25, 26, 1 ],
\[ 2, 1, 3, 4, 5, 6, 7, 8, 9, 10, 11, 12, 13, 14, 15, 16, 17, 18, 19, 20, 21, 22, 23, 24, 25, 26 ]:
 Order := 403291461126605635584000000 > |
[ 26, 23, 22, 24, 16, 11, 17, 12, 14, 15, 9, 5, 21, 10, 6, 7, 8, 25, 20, 13, 18, 4, 3, 2, 19, 1 ],
[ 4, 8, 10, 1, 15, 19, 17, 2, 11, 3, 9, 20, 24, 25, 5, 23, 7, 22, 6, 12, 26, 18, 16, 13, 14, 21 ],
[ 21, 13, 16, 18, 20, 5, 23, 7, 9, 25, 19, 2, 12, 11, 3, 15, 17, 26, 14, 6, 24, 10, 8, 1, 22, 4 ]
]
];

/*
Numerical Data
*/


/*
Powser Bases
*/


/*
Return for eval
*/

return s;
