s := BelyiDBInitialize();

/*
Base Field Data
*/

base_field_data := [* *];
K1<nu1> := NumberField(Polynomial([RationalField() | 1, -1, 1]));
place1 := InfinitePlaces(K1)[1];
conj1 := false;
CC<I> := ComplexField(20);
z1 := 0.00000000000000000000p20;
base_field_data_1 := [* K1, place1, conj1, z1 *];
Append(~base_field_data, base_field_data_1);
s`BelyiDBBaseFieldData := base_field_data;

/*
Belyi Maps
*/

curves := [* *];
maps := [* *];
K1<nu1> := K1;
X1 := Curve(ProjectiveSpace(PolynomialRing(K1, 2)));
KX1<x> := FunctionField(X1);
phi1 := KX1!(((576*nu1 - 576)*x^23 + (36864*nu1 - 55296)*x^22 + (1410048*nu1 - 1179648)*x^21 + (152985600*nu1 - 64512000)*x^20 + (5445255168*nu1 - 5378752512)*x^19 + (27738243072*nu1 - 43816845312)*x^18 + (4573950640128*nu1 + 107647598592)*x^17 + (184841366667264*nu1 - 194139050213376)*x^16 + (-1897016900714496*nu1 - 2588116154056704)*x^15 + (-56558086785073152*nu1 + 72238247341719552)*x^14 + (1308119151415394304*nu1 - 79692827864334336)*x^13 + (4551360562423922688*nu1 - 24691916741623676928)*x^12 + (-456565376353686257664*nu1 + 254269165593641877504)*x^11 + (966503776670120411136*nu1 + 5645195790335801819136)*x^10 + (89118210193906087231488*nu1 - 52762183467871154208768)*x^9 + (-47483684257934472118272*nu1 - 778711859328206921269248)*x^8 + (-8270368482289374726193152*nu1 + 3796966956121349651693568)*x^7 + (-14651492469653704714223616*nu1 + 59437373014705641489432576)*x^6 + (313815632915876698241630208*nu1 + 1947794653315406739013632)*x^5 + (1235139645672642231360552960*nu1 - 1477788696702890835915571200)*x^4 + (-1268920808124852698534117376*nu1 - 3458385682544597968317579264)*x^3 + (-9854321303068883739840872448*nu1 + 3317347307798571319912562688)*x^2 + (-7425614878112839688578400256*nu1 + 12030225748255132286560763904)*x + (2688726866728287931679637504*nu1 + 3799062914502294605194592256))/(x^24 + (288*nu1 - 192)*x^23 + (-8640*nu1 - 22080)*x^22 + (-1889280*nu1 + 1281536)*x^21 + (-8925696*nu1 + 70508544)*x^20 + (1798889472*nu1 + 557408256)*x^19 + (78080901120*nu1 - 40324087808)*x^18 + (1583164293120*nu1 - 2157470023680)*x^17 + (5509111283712*nu1 - 49617357963264)*x^16 + (-573371213414400*nu1 - 632251696021504)*x^15 + (-21104302479114240*nu1 + 253921150894080)*x^14 + (-428648484632002560*nu1 + 214625172722810880)*x^13 + (-6084517244027535360*nu1 + 5687134367084707840)*x^12 + (-59340657030479216640*nu1 + 95158195415364403200)*x^11 + (-297072531184193372160*nu1 + 1146941582330937999360)*x^10 + (1862268108851631882240*nu1 + 10246908255524844732416)*x^9 + (64021389343375038087168*nu1 + 60749514707502385594368)*x^8 + (830288841480970111549440*nu1 + 119348271984464646635520)*x^7 + (7246284549159942881280000*nu1 - 2126046661023337287778304)*x^6 + (44510361683405436987899904*nu1 - 30067817280439256755470336)*x^5 + (182282285558181470064869376*nu1 - 213033927054735046934003712)*x^4 + (374153017691970661987123200*nu1 - 956536713457300026167394304)*x^3 + (-714667089753625321694822400*nu1 - 2206915013997748478363566080)*x^2 + (-5101989835818638800777641984*nu1 - 271895601614633499384348672)*x - 5236821388579099452993699840*nu1 + 3998831152086985588602830848));
Append(~curves, X1);
Append(~maps, phi1);
s`BelyiDBBelyiCurves := curves;
s`BelyiDBBelyiMaps := maps;

/*
auto printing
*/

s`BelyiDBName := "24T190-[2,3,6]-2,2,2,2,2,2,2,2,2,2,1,1,1,1-3,3,3,3,3,3,3,3-6,6,6,6-g0";
s`BelyiDBFilename := "24T190-[2,3,6]-2,2,2,2,2,2,2,2,2,2,1,1,1,1-3,3,3,3,3,3,3,3-6,6,6,6-g0.m";
s`BelyiDBDegree := 24;
s`BelyiDBOrders := \[ 2, 3, 6 ];
s`BelyiDBType := "Euclidean";
s`BelyiDBGenus := 0;
s`BelyiDBSize := 1;
s`BelyiDBPointedSize := 1;
s`BelyiDBPermutationTriple := [ PermutationGroup<24 |  
\[ 2, 3, 4, 5, 6, 7, 8, 9, 10, 11, 12, 13, 14, 15, 16, 17, 18, 19, 20, 21, 22, 23, 24, 1 ],
\[ 2, 1, 3, 4, 5, 6, 7, 8, 9, 10, 11, 12, 13, 14, 15, 16, 17, 18, 19, 20, 21, 22, 23, 24 ]:
 Order := 620448401733239439360000 > |
[ 1, 15, 18, 19, 22, 20, 11, 12, 21, 16, 7, 8, 17, 14, 2, 10, 13, 3, 4, 6, 9, 5, 23, 24 ],
[ 18, 11, 21, 1, 15, 17, 10, 3, 14, 19, 20, 22, 12, 16, 23, 9, 24, 4, 7, 2, 8, 13, 5, 6 ],
[ 4, 5, 1, 10, 12, 11, 2, 13, 3, 14, 19, 21, 6, 9, 20, 7, 22, 8, 18, 24, 16, 23, 15, 17 ]
];
s`BelyiDBAutomorphismGroup := PermutationGroup<24 |  
\[ 14, 13, 10, 9, 6, 5, 8, 7, 4, 3, 12, 11, 2, 1, 17, 18, 15, 16, 21, 22, 19, 20, 24, 23 ],
\[ 23, 19, 22, 15, 18, 16, 11, 12, 17, 20, 7, 8, 21, 24, 4, 6, 9, 5, 2, 10, 13, 3, 1, 14 ]:
 Order := 4 >;
s`BelyiDBPointedAutomorphismGroup := PermutationGroup<24 |   >;
s`BelyiDBMonodromyGroup := PermutationGroup<24 |  
\[ 1, 15, 18, 19, 22, 20, 11, 12, 21, 16, 7, 8, 17, 14, 2, 10, 13, 3, 4, 6, 9, 5, 23, 24 ],
\[ 18, 11, 21, 1, 15, 17, 10, 3, 14, 19, 20, 22, 12, 16, 23, 9, 24, 4, 7, 2, 8, 13, 5, 6 ],
\[ 4, 5, 1, 10, 12, 11, 2, 13, 3, 14, 19, 21, 6, 9, 20, 7, 22, 8, 18, 24, 16, 23, 15, 17 ]:
 Order := 96 >;
s`BelyiDBPassport := [ PowerSequence(PermutationGroup<24 |  
\[ 1, 15, 18, 19, 22, 20, 11, 12, 21, 16, 7, 8, 17, 14, 2, 10, 13, 3, 4, 6, 9, 5, 23, 24 ],
\[ 18, 11, 21, 1, 15, 17, 10, 3, 14, 19, 20, 22, 12, 16, 23, 9, 24, 4, 7, 2, 8, 13, 5, 6 ],
\[ 4, 5, 1, 10, 12, 11, 2, 13, 3, 14, 19, 21, 6, 9, 20, 7, 22, 8, 18, 24, 16, 23, 15, 17 ]:
 Order := 96 >) |
[ PermutationGroup<24 |  
\[ 1, 15, 18, 19, 22, 20, 11, 12, 21, 16, 7, 8, 17, 14, 2, 10, 13, 3, 4, 6, 9, 5, 23, 24 ],
\[ 18, 11, 21, 1, 15, 17, 10, 3, 14, 19, 20, 22, 12, 16, 23, 9, 24, 4, 7, 2, 8, 13, 5, 6 ],
\[ 4, 5, 1, 10, 12, 11, 2, 13, 3, 14, 19, 21, 6, 9, 20, 7, 22, 8, 18, 24, 16, 23, 15, 17 ]:
 Order := 96 > |
[ 8, 19, 16, 4, 20, 22, 14, 1, 9, 18, 24, 23, 21, 7, 15, 3, 17, 10, 2, 5, 13, 6, 12, 11 ],
[ 4, 20, 8, 18, 23, 24, 19, 21, 16, 7, 2, 13, 22, 9, 5, 14, 6, 1, 10, 11, 3, 12, 15, 17 ],
[ 3, 7, 9, 1, 2, 13, 16, 18, 14, 4, 6, 5, 8, 10, 23, 21, 24, 19, 11, 15, 12, 17, 22, 20 ]
]
];
s`BelyiDBPointedPassport := [ PowerSequence(PermutationGroup<24 |  
\[ 2, 3, 4, 5, 6, 7, 8, 9, 10, 11, 12, 13, 14, 15, 16, 17, 18, 19, 20, 21, 22, 23, 24, 1 ],
\[ 2, 1, 3, 4, 5, 6, 7, 8, 9, 10, 11, 12, 13, 14, 15, 16, 17, 18, 19, 20, 21, 22, 23, 24 ]:
 Order := 620448401733239439360000 >) |
[ PermutationGroup<24 |  
\[ 2, 3, 4, 5, 6, 7, 8, 9, 10, 11, 12, 13, 14, 15, 16, 17, 18, 19, 20, 21, 22, 23, 24, 1 ],
\[ 2, 1, 3, 4, 5, 6, 7, 8, 9, 10, 11, 12, 13, 14, 15, 16, 17, 18, 19, 20, 21, 22, 23, 24 ]:
 Order := 620448401733239439360000 > |
[ 1, 15, 18, 19, 22, 20, 11, 12, 21, 16, 7, 8, 17, 14, 2, 10, 13, 3, 4, 6, 9, 5, 23, 24 ],
[ 18, 11, 21, 1, 15, 17, 10, 3, 14, 19, 20, 22, 12, 16, 23, 9, 24, 4, 7, 2, 8, 13, 5, 6 ],
[ 4, 5, 1, 10, 12, 11, 2, 13, 3, 14, 19, 21, 6, 9, 20, 7, 22, 8, 18, 24, 16, 23, 15, 17 ]
]
];

/*
Numerical Data
*/


/*
Powser Bases
*/


/*
Return for eval
*/

return s;
