s := BelyiDBInitialize();

/*
Base Field Data
*/

base_field_data := [* *];
K1<nu1> := NumberField(Polynomial([RationalField() | 1, -2, 0, -2, 1]));
place1 := InfinitePlaces(K1)[1];
conj1 := false;
CC<I> := ComplexField(20);
z1 := 0.00000000000000000000p20;
base_field_data_1 := [* K1, place1, conj1, z1 *];
Append(~base_field_data, base_field_data_1);
K2<nu2> := NumberField(Polynomial([RationalField() | 1, -2, 0, -2, 1]));
place2 := InfinitePlaces(K2)[1];
conj2 := false;
CC<I> := ComplexField(20);
z2 := 0.00000000000000000000p20;
base_field_data_2 := [* K2, place2, conj2, z2 *];
Append(~base_field_data, base_field_data_2);
K3<nu3> := NumberField(Polynomial([RationalField() | 1, -2, 0, -2, 1]));
place3 := InfinitePlaces(K3)[1];
conj3 := false;
CC<I> := ComplexField(20);
z3 := 0.00000000000000000000p20;
base_field_data_3 := [* K3, place3, conj3, z3 *];
Append(~base_field_data, base_field_data_3);
K4<nu4> := NumberField(Polynomial([RationalField() | 1, -2, 0, -2, 1]));
place4 := InfinitePlaces(K4)[1];
conj4 := false;
CC<I> := ComplexField(20);
z4 := 0.00000000000000000000p20;
base_field_data_4 := [* K4, place4, conj4, z4 *];
Append(~base_field_data, base_field_data_4);
s`BelyiDBBaseFieldData := base_field_data;

/*
Belyi Maps
*/

curves := [* *];
maps := [* *];
K1<nu1> := K1;
aInvs1 := [0,0,0,320*nu1^3 - 520*nu1^2 - 200*nu1 - 731,1/3*(10864*nu1^3 - 16856*nu1^2 - 7448*nu1 - 25130)];
E1 := EllipticCurve(aInvs1);
X1 := BaseChange(E1, K1);
KX1<x,y> := FunctionField(X1);
phi1 := KX1!((x^12 + (-64*nu1^3 + 96*nu1^2 + 48*nu1 + 140)*x^11 + (-4736*nu1^3 + 7408*nu1^2 + 3248*nu1 + 11330)*x^10 + 1/3*(-703424*nu1^3 + 1096000*nu1^2 + 484912*nu1 + 1605460)*x^9 + (-7425216*nu1^3 + 11618544*nu1^2 + 5062992*nu1 + 17130831)*x^8 + (-168108160*nu1^3 + 262811712*nu1^2 + 114820320*nu1 + 385482776)*x^7 + 1/3*(-8202674176*nu1^3 + 12835352480*nu1^2 + 5587877536*nu1 + 18857210452)*x^6 + (-32500673664*nu1^3 + 50837158144*nu1^2 + 22161134368*nu1 + 74594683800)*x^5 + (-278662855296*nu1^3 + 436054675808*nu1^2 + 189774930592*nu1 + 640211025711)*x^4 + 1/27*(-45511785049024*nu1^3 + 71196877977120*nu1^2 + 31019503424592*nu1 + 104486270256308)*x^3 + 1/9*(-61304652052352*nu1^3 + 95938354250416*nu1^2 + 41733633307376*nu1 + 140818859090642)*x^2 + 1/9*(-148753544715328*nu1^3 + 232686383543872*nu1^2 + 101375609930320*nu1 + 341632298928044)*x + 1/27*(-491389702963776*nu1^3 + 768923519137680*nu1^2 + 334776589931184*nu1 + 1128511607418427))/(x^12 + (-64*nu1^3 + 96*nu1^2 + 48*nu1 + 140)*x^11 + (-4736*nu1^3 + 7408*nu1^2 + 3248*nu1 + 10034)*x^10 + 1/3*(-454592*nu1^3 + 722752*nu1^2 + 298288*nu1 + 1061140)*x^9 + (-1121472*nu1^3 + 1748208*nu1^2 + 749904*nu1 + 2740047)*x^8 + (122679680*nu1^3 - 192834240*nu1^2 - 82766112*nu1 - 282779752)*x^7 + 1/3*(18343470080*nu1^3 - 28689980512*nu1^2 - 12488896352*nu1 - 42112687052)*x^6 + (152047915392*nu1^3 - 237889184768*nu1^2 - 103581554912*nu1 - 349253393256)*x^5 + (2394351028608*nu1^3 - 3746188523680*nu1^2 - 1631328635744*nu1 - 5498729608209)*x^4 + 1/27*(671287578758720*nu1^3 - 1050283222202592*nu1^2 - 457285454389680*nu1 - 1541715414047692)*x^3 + 1/9*(1495926336380032*nu1^3 - 2340485427965264*nu1^2 - 1019129113301776*nu1 - 3435582344310718)*x^2 + 1/9*(5865620402360768*nu1^3 - 9177264027473600*nu1^2 - 3995910356571824*nu1 - 13471167995489428)*x + 1/27*(30866999745511872*nu1^3 - 48293715019303536*nu1^2 - 21028306245899088*nu1 - 70890106787565701)));
Append(~curves, X1);
Append(~maps, phi1);
K2<nu2> := K2;
aInvs2 := [0,0,0,-40*nu2^3 - 40*nu2^2 - 80*nu2 - 11,1/3*(-2296*nu2^3 - 280*nu2^2 - 1120*nu2 + 1190)];
E2 := EllipticCurve(aInvs2);
X2 := BaseChange(E2, K2);
KX2<x,y> := FunctionField(X2);
phi2 := KX2!((x^12 + (16*nu2^3 - 20)*x^11 + (880*nu2^3 + 304*nu2^2 + 608*nu2 + 98)*x^10 + 1/3*(136784*nu2^3 + 37280*nu2^2 + 81728*nu2 - 74956)*x^9 + (1400784*nu2^3 + 430320*nu2^2 + 961440*nu2 - 521169)*x^8 + (31988896*nu2^3 + 9426816*nu2^2 + 21298944*nu2 - 14711336)*x^7 + 1/3*(1552114208*nu2^3 + 465767456*nu2^2 + 1062682432*nu2 - 652366316)*x^6 + (6167244000*nu2^3 + 1829701184*nu2^2 + 4172295296*nu2 - 2741151528)*x^5 + (52767138976*nu2^3 + 15736756832*nu2^2 + 36120785728*nu2 - 22648962833)*x^4 + 1/27*(8633880817264*nu2^3 + 2558930486400*nu2^2 + 5858400807168*nu2 - 3805061476268)*x^3 + 1/9*(11608266401200*nu2^3 + 3454417051888*nu2^2 + 7962752343776*nu2 - 5006977816462)*x^2 + 1/9*(28265801843248*nu2^3 + 8289102200288*nu2^2 + 19112132941760*nu2 - 12406394189108)*x + 1/27*(92935183648560*nu2^3 + 27985519492752*nu2^2 + 63677929384032*nu2 - 40138165806245))/(x^12 + (16*nu2^3 - 20)*x^11 + (880*nu2^3 + 304*nu2^2 + 608*nu2 - 1198)*x^10 + 1/3*(74576*nu2^3 + 37280*nu2^2 + 81728*nu2 + 2804)*x^9 + (239568*nu2^3 + 15600*nu2^2 + 132000*nu2 + 17967)*x^8 + (-22284128*nu2^3 - 7956864*nu2^2 - 17629440*nu2 + 7147864)*x^7 + 1/3*(-3505022944*nu2^3 - 986913760*nu2^2 - 2349550784*nu2 + 1584298996)*x^6 + (-28831737120*nu2^3 - 8543171776*nu2^2 - 19634623360*nu2 + 12505911768)*x^5 + (-453698431328*nu2^3 - 135116670880*nu2^2 - 309323961536*nu2 + 197369311663)*x^4 + 1/27*(-127298416240016*nu2^3 - 37695102834816*nu2^2 - 86703708129024*nu2 + 55456575949780)*x^3 + 1/9*(-283605376287824*nu2^3 - 84156492219152*nu2^2 - 193191846790432*nu2 + 123481081024994)*x^2 + 1/9*(-1112043197924048*nu2^3 - 329890381399840*nu2^2 - 757666847864896*nu2 + 484159205080204)*x + 1/27*(-5852262697541328*nu2^3 - 1735759076637552*nu2^2 - 3986430802071456*nu2 + 2548418098540699)));
Append(~curves, X2);
Append(~maps, phi2);
K3<nu3> := K3;
aInvs3 := [0,0,0,-40*nu3^3 - 40*nu3^2 - 80*nu3 - 11,1/3*(2296*nu3^3 + 280*nu3^2 + 1120*nu3 - 1190)];
E3 := EllipticCurve(aInvs3);
X3 := BaseChange(E3, K3);
KX3<x,y> := FunctionField(X3);
phi3 := KX3!((x^12 + (-16*nu3^3 + 20)*x^11 + (880*nu3^3 + 304*nu3^2 + 608*nu3 + 98)*x^10 + 1/3*(-136784*nu3^3 - 37280*nu3^2 - 81728*nu3 + 74956)*x^9 + (1400784*nu3^3 + 430320*nu3^2 + 961440*nu3 - 521169)*x^8 + (-31988896*nu3^3 - 9426816*nu3^2 - 21298944*nu3 + 14711336)*x^7 + 1/3*(1552114208*nu3^3 + 465767456*nu3^2 + 1062682432*nu3 - 652366316)*x^6 + (-6167244000*nu3^3 - 1829701184*nu3^2 - 4172295296*nu3 + 2741151528)*x^5 + (52767138976*nu3^3 + 15736756832*nu3^2 + 36120785728*nu3 - 22648962833)*x^4 + 1/27*(-8633880817264*nu3^3 - 2558930486400*nu3^2 - 5858400807168*nu3 + 3805061476268)*x^3 + 1/9*(11608266401200*nu3^3 + 3454417051888*nu3^2 + 7962752343776*nu3 - 5006977816462)*x^2 + 1/9*(-28265801843248*nu3^3 - 8289102200288*nu3^2 - 19112132941760*nu3 + 12406394189108)*x + 1/27*(92935183648560*nu3^3 + 27985519492752*nu3^2 + 63677929384032*nu3 - 40138165806245))/(x^12 + (-16*nu3^3 + 20)*x^11 + (880*nu3^3 + 304*nu3^2 + 608*nu3 - 1198)*x^10 + 1/3*(-74576*nu3^3 - 37280*nu3^2 - 81728*nu3 - 2804)*x^9 + (239568*nu3^3 + 15600*nu3^2 + 132000*nu3 + 17967)*x^8 + (22284128*nu3^3 + 7956864*nu3^2 + 17629440*nu3 - 7147864)*x^7 + 1/3*(-3505022944*nu3^3 - 986913760*nu3^2 - 2349550784*nu3 + 1584298996)*x^6 + (28831737120*nu3^3 + 8543171776*nu3^2 + 19634623360*nu3 - 12505911768)*x^5 + (-453698431328*nu3^3 - 135116670880*nu3^2 - 309323961536*nu3 + 197369311663)*x^4 + 1/27*(127298416240016*nu3^3 + 37695102834816*nu3^2 + 86703708129024*nu3 - 55456575949780)*x^3 + 1/9*(-283605376287824*nu3^3 - 84156492219152*nu3^2 - 193191846790432*nu3 + 123481081024994)*x^2 + 1/9*(1112043197924048*nu3^3 + 329890381399840*nu3^2 + 757666847864896*nu3 - 484159205080204)*x + 1/27*(-5852262697541328*nu3^3 - 1735759076637552*nu3^2 - 3986430802071456*nu3 + 2548418098540699)));
Append(~curves, X3);
Append(~maps, phi3);
K4<nu4> := K4;
aInvs4 := [0,0,0,-40*nu4^3 - 40*nu4^2 - 80*nu4 - 11,1/3*(-2296*nu4^3 - 280*nu4^2 - 1120*nu4 + 1190)];
E4 := EllipticCurve(aInvs4);
X4 := BaseChange(E4, K4);
KX4<x,y> := FunctionField(X4);
phi4 := KX4!((x^12 + (16*nu4^3 - 20)*x^11 + (880*nu4^3 + 304*nu4^2 + 608*nu4 + 98)*x^10 + 1/3*(136784*nu4^3 + 37280*nu4^2 + 81728*nu4 - 74956)*x^9 + (1400784*nu4^3 + 430320*nu4^2 + 961440*nu4 - 521169)*x^8 + (31988896*nu4^3 + 9426816*nu4^2 + 21298944*nu4 - 14711336)*x^7 + 1/3*(1552114208*nu4^3 + 465767456*nu4^2 + 1062682432*nu4 - 652366316)*x^6 + (6167244000*nu4^3 + 1829701184*nu4^2 + 4172295296*nu4 - 2741151528)*x^5 + (52767138976*nu4^3 + 15736756832*nu4^2 + 36120785728*nu4 - 22648962833)*x^4 + 1/27*(8633880817264*nu4^3 + 2558930486400*nu4^2 + 5858400807168*nu4 - 3805061476268)*x^3 + 1/9*(11608266401200*nu4^3 + 3454417051888*nu4^2 + 7962752343776*nu4 - 5006977816462)*x^2 + 1/9*(28265801843248*nu4^3 + 8289102200288*nu4^2 + 19112132941760*nu4 - 12406394189108)*x + 1/27*(92935183648560*nu4^3 + 27985519492752*nu4^2 + 63677929384032*nu4 - 40138165806245))/(x^12 + (16*nu4^3 - 20)*x^11 + (880*nu4^3 + 304*nu4^2 + 608*nu4 - 1198)*x^10 + 1/3*(74576*nu4^3 + 37280*nu4^2 + 81728*nu4 + 2804)*x^9 + (239568*nu4^3 + 15600*nu4^2 + 132000*nu4 + 17967)*x^8 + (-22284128*nu4^3 - 7956864*nu4^2 - 17629440*nu4 + 7147864)*x^7 + 1/3*(-3505022944*nu4^3 - 986913760*nu4^2 - 2349550784*nu4 + 1584298996)*x^6 + (-28831737120*nu4^3 - 8543171776*nu4^2 - 19634623360*nu4 + 12505911768)*x^5 + (-453698431328*nu4^3 - 135116670880*nu4^2 - 309323961536*nu4 + 197369311663)*x^4 + 1/27*(-127298416240016*nu4^3 - 37695102834816*nu4^2 - 86703708129024*nu4 + 55456575949780)*x^3 + 1/9*(-283605376287824*nu4^3 - 84156492219152*nu4^2 - 193191846790432*nu4 + 123481081024994)*x^2 + 1/9*(-1112043197924048*nu4^3 - 329890381399840*nu4^2 - 757666847864896*nu4 + 484159205080204)*x + 1/27*(-5852262697541328*nu4^3 - 1735759076637552*nu4^2 - 3986430802071456*nu4 + 2548418098540699)));
Append(~curves, X4);
Append(~maps, phi4);
s`BelyiDBBelyiCurves := curves;
s`BelyiDBBelyiMaps := maps;

/*
auto printing
*/

s`BelyiDBName := "24T272-[4,4,2]-4,4,4,4,4,4-4,4,4,4,4,4-2,2,2,2,2,2,2,2,2,2,2,2-g1";
s`BelyiDBFilename := "24T272-[4,4,2]-4,4,4,4,4,4-4,4,4,4,4,4-2,2,2,2,2,2,2,2,2,2,2,2-g1.m";
s`BelyiDBDegree := 24;
s`BelyiDBOrders := \[ 4, 4, 2 ];
s`BelyiDBType := "Euclidean";
s`BelyiDBGenus := 1;
s`BelyiDBSize := 4;
s`BelyiDBPointedSize := 4;
s`BelyiDBPermutationTriple := [ PermutationGroup<24 |  
\[ 2, 3, 4, 5, 6, 7, 8, 9, 10, 11, 12, 13, 14, 15, 16, 17, 18, 19, 20, 21, 22, 23, 24, 1 ],
\[ 2, 1, 3, 4, 5, 6, 7, 8, 9, 10, 11, 12, 13, 14, 15, 16, 17, 18, 19, 20, 21, 22, 23, 24 ]:
 Order := 620448401733239439360000 > |
[ 9, 12, 15, 13, 19, 17, 16, 7, 14, 20, 10, 18, 3, 22, 4, 21, 5, 24, 6, 23, 8, 1, 11, 2 ],
[ 24, 22, 15, 13, 19, 17, 16, 23, 14, 20, 21, 18, 10, 5, 12, 6, 7, 3, 9, 4, 8, 1, 11, 2 ],
[ 2, 1, 4, 3, 6, 5, 21, 11, 22, 23, 8, 24, 20, 19, 18, 17, 16, 15, 14, 13, 7, 9, 10, 12 ]
];
s`BelyiDBAutomorphismGroup := PermutationGroup<24 |  
\[ 14, 19, 7, 21, 24, 12, 3, 13, 22, 23, 20, 6, 8, 1, 16, 15, 18, 17, 2, 11, 4, 9, 10, 5 ],
\[ 2, 1, 5, 6, 3, 4, 10, 11, 12, 7, 8, 9, 17, 18, 19, 20, 13, 14, 15, 16, 23, 24, 21, 22 ]:
 Order := 12 >;
s`BelyiDBPointedAutomorphismGroup := PermutationGroup<24 |  
\[ 14, 19, 7, 21, 24, 12, 3, 13, 22, 23, 20, 6, 8, 1, 16, 15, 18, 17, 2, 11, 4, 9, 10, 5 ]:
 Order := 2 >;
s`BelyiDBMonodromyGroup := PermutationGroup<24 |  
\[ 9, 12, 15, 13, 19, 17, 16, 7, 14, 20, 10, 18, 3, 22, 4, 21, 5, 24, 6, 23, 8, 1, 11, 2 ],
\[ 24, 22, 15, 13, 19, 17, 16, 23, 14, 20, 21, 18, 10, 5, 12, 6, 7, 3, 9, 4, 8, 1, 11, 2 ],
\[ 2, 1, 4, 3, 6, 5, 21, 11, 22, 23, 8, 24, 20, 19, 18, 17, 16, 15, 14, 13, 7, 9, 10, 12 ]:
 Order := 144 >;
s`BelyiDBPassport := [ PowerSequence(PermutationGroup<24 |  
\[ 9, 12, 15, 13, 19, 17, 16, 7, 14, 20, 10, 18, 3, 22, 4, 21, 5, 24, 6, 23, 8, 1, 11, 2 ],
\[ 24, 22, 15, 13, 19, 17, 16, 23, 14, 20, 21, 18, 10, 5, 12, 6, 7, 3, 9, 4, 8, 1, 11, 2 ],
\[ 2, 1, 4, 3, 6, 5, 21, 11, 22, 23, 8, 24, 20, 19, 18, 17, 16, 15, 14, 13, 7, 9, 10, 12 ]:
 Order := 144 >) |
[ PermutationGroup<24 |  
\[ 9, 12, 15, 13, 19, 17, 16, 7, 14, 20, 10, 18, 3, 22, 4, 21, 5, 24, 6, 23, 8, 1, 11, 2 ],
\[ 24, 22, 15, 13, 19, 17, 16, 23, 14, 20, 21, 18, 10, 5, 12, 6, 7, 3, 9, 4, 8, 1, 11, 2 ],
\[ 2, 1, 4, 3, 6, 5, 21, 11, 22, 23, 8, 24, 20, 19, 18, 17, 16, 15, 14, 13, 7, 9, 10, 12 ]:
 Order := 144 > |
[ 9, 12, 15, 13, 19, 17, 16, 7, 14, 20, 10, 18, 3, 22, 4, 21, 5, 24, 6, 23, 8, 1, 11, 2 ],
[ 9, 12, 2, 11, 1, 8, 19, 7, 17, 15, 10, 13, 3, 22, 4, 21, 5, 24, 6, 23, 20, 18, 16, 14 ],
[ 14, 18, 12, 10, 9, 7, 6, 16, 5, 4, 20, 3, 15, 1, 13, 8, 19, 2, 17, 11, 23, 24, 21, 22 ]
],
[ PermutationGroup<24 |  
\[ 9, 12, 15, 13, 19, 17, 16, 7, 14, 20, 10, 18, 3, 22, 4, 21, 5, 24, 6, 23, 8, 1, 11, 2 ],
\[ 24, 22, 15, 13, 19, 17, 16, 23, 14, 20, 21, 18, 10, 5, 12, 6, 7, 3, 9, 4, 8, 1, 11, 2 ],
\[ 2, 1, 4, 3, 6, 5, 21, 11, 22, 23, 8, 24, 20, 19, 18, 17, 16, 15, 14, 13, 7, 9, 10, 12 ]:
 Order := 144 > |
[ 9, 12, 15, 13, 19, 17, 16, 7, 14, 20, 10, 18, 3, 22, 4, 21, 5, 24, 6, 23, 8, 1, 11, 2 ],
[ 21, 23, 17, 19, 13, 15, 18, 22, 20, 14, 24, 16, 9, 4, 7, 3, 12, 6, 10, 5, 2, 11, 1, 8 ],
[ 8, 11, 5, 6, 3, 4, 24, 1, 23, 22, 2, 21, 14, 13, 16, 15, 18, 17, 20, 19, 12, 10, 9, 7 ]
],
[ PermutationGroup<24 |  
\[ 9, 12, 15, 13, 19, 17, 16, 7, 14, 20, 10, 18, 3, 22, 4, 21, 5, 24, 6, 23, 8, 1, 11, 2 ],
\[ 24, 22, 15, 13, 19, 17, 16, 23, 14, 20, 21, 18, 10, 5, 12, 6, 7, 3, 9, 4, 8, 1, 11, 2 ],
\[ 2, 1, 4, 3, 6, 5, 21, 11, 22, 23, 8, 24, 20, 19, 18, 17, 16, 15, 14, 13, 7, 9, 10, 12 ]:
 Order := 144 > |
[ 9, 12, 15, 13, 19, 17, 16, 7, 14, 20, 10, 18, 3, 22, 4, 21, 5, 24, 6, 23, 8, 1, 11, 2 ],
[ 24, 22, 14, 16, 18, 20, 1, 23, 8, 2, 21, 11, 10, 5, 12, 6, 7, 3, 9, 4, 15, 13, 19, 17 ],
[ 2, 1, 22, 21, 24, 23, 9, 11, 7, 12, 8, 10, 20, 19, 18, 17, 16, 15, 14, 13, 4, 3, 6, 5 ]
],
[ PermutationGroup<24 |  
\[ 9, 12, 15, 13, 19, 17, 16, 7, 14, 20, 10, 18, 3, 22, 4, 21, 5, 24, 6, 23, 8, 1, 11, 2 ],
\[ 24, 22, 15, 13, 19, 17, 16, 23, 14, 20, 21, 18, 10, 5, 12, 6, 7, 3, 9, 4, 8, 1, 11, 2 ],
\[ 2, 1, 4, 3, 6, 5, 21, 11, 22, 23, 8, 24, 20, 19, 18, 17, 16, 15, 14, 13, 7, 9, 10, 12 ]:
 Order := 144 > |
[ 9, 12, 15, 13, 19, 17, 16, 7, 14, 20, 10, 18, 3, 22, 4, 21, 5, 24, 6, 23, 8, 1, 11, 2 ],
[ 24, 22, 8, 1, 11, 2, 13, 23, 15, 17, 21, 19, 10, 5, 12, 6, 7, 3, 9, 4, 14, 16, 18, 20 ],
[ 2, 1, 7, 9, 10, 12, 3, 11, 4, 5, 8, 6, 20, 19, 18, 17, 16, 15, 14, 13, 22, 21, 24, 23 ]
]
];
s`BelyiDBPointedPassport := [ PowerSequence(PermutationGroup<24 |  
\[ 2, 3, 4, 5, 6, 7, 8, 9, 10, 11, 12, 13, 14, 15, 16, 17, 18, 19, 20, 21, 22, 23, 24, 1 ],
\[ 2, 1, 3, 4, 5, 6, 7, 8, 9, 10, 11, 12, 13, 14, 15, 16, 17, 18, 19, 20, 21, 22, 23, 24 ]:
 Order := 620448401733239439360000 >) |
[ PermutationGroup<24 |  
\[ 2, 3, 4, 5, 6, 7, 8, 9, 10, 11, 12, 13, 14, 15, 16, 17, 18, 19, 20, 21, 22, 23, 24, 1 ],
\[ 2, 1, 3, 4, 5, 6, 7, 8, 9, 10, 11, 12, 13, 14, 15, 16, 17, 18, 19, 20, 21, 22, 23, 24 ]:
 Order := 620448401733239439360000 > |
[ 9, 12, 15, 13, 19, 17, 16, 7, 14, 20, 10, 18, 3, 22, 4, 21, 5, 24, 6, 23, 8, 1, 11, 2 ],
[ 24, 22, 15, 13, 19, 17, 16, 23, 14, 20, 21, 18, 10, 5, 12, 6, 7, 3, 9, 4, 8, 1, 11, 2 ],
[ 2, 1, 4, 3, 6, 5, 21, 11, 22, 23, 8, 24, 20, 19, 18, 17, 16, 15, 14, 13, 7, 9, 10, 12 ]
],
[ PermutationGroup<24 |  
\[ 2, 3, 4, 5, 6, 7, 8, 9, 10, 11, 12, 13, 14, 15, 16, 17, 18, 19, 20, 21, 22, 23, 24, 1 ],
\[ 2, 1, 3, 4, 5, 6, 7, 8, 9, 10, 11, 12, 13, 14, 15, 16, 17, 18, 19, 20, 21, 22, 23, 24 ]:
 Order := 620448401733239439360000 > |
[ 24, 22, 2, 11, 1, 8, 19, 23, 17, 15, 21, 13, 10, 5, 12, 6, 7, 3, 9, 4, 20, 18, 16, 14 ],
[ 9, 12, 20, 18, 16, 14, 11, 7, 2, 8, 10, 1, 3, 22, 4, 21, 5, 24, 6, 23, 17, 19, 13, 15 ],
[ 17, 13, 4, 3, 6, 5, 21, 19, 22, 23, 15, 24, 2, 18, 11, 20, 1, 14, 8, 16, 7, 9, 10, 12 ]
],
[ PermutationGroup<24 |  
\[ 2, 3, 4, 5, 6, 7, 8, 9, 10, 11, 12, 13, 14, 15, 16, 17, 18, 19, 20, 21, 22, 23, 24, 1 ],
\[ 2, 1, 3, 4, 5, 6, 7, 8, 9, 10, 11, 12, 13, 14, 15, 16, 17, 18, 19, 20, 21, 22, 23, 24 ]:
 Order := 620448401733239439360000 > |
[ 6, 4, 20, 18, 16, 14, 11, 5, 2, 8, 3, 1, 24, 12, 23, 10, 22, 9, 21, 7, 17, 19, 13, 15 ],
[ 10, 7, 8, 1, 11, 2, 13, 12, 15, 17, 9, 19, 6, 23, 5, 24, 4, 21, 3, 22, 14, 16, 18, 20 ],
[ 8, 11, 5, 6, 3, 4, 24, 1, 23, 22, 2, 21, 14, 13, 16, 15, 18, 17, 20, 19, 12, 10, 9, 7 ]
],
[ PermutationGroup<24 |  
\[ 2, 3, 4, 5, 6, 7, 8, 9, 10, 11, 12, 13, 14, 15, 16, 17, 18, 19, 20, 21, 22, 23, 24, 1 ],
\[ 2, 1, 3, 4, 5, 6, 7, 8, 9, 10, 11, 12, 13, 14, 15, 16, 17, 18, 19, 20, 21, 22, 23, 24 ]:
 Order := 620448401733239439360000 > |
[ 10, 7, 17, 19, 13, 15, 18, 12, 20, 14, 9, 16, 6, 23, 5, 24, 4, 21, 3, 22, 2, 11, 1, 8 ],
[ 9, 12, 2, 11, 1, 8, 19, 7, 17, 15, 10, 13, 3, 22, 4, 21, 5, 24, 6, 23, 20, 18, 16, 14 ],
[ 20, 16, 7, 9, 10, 12, 3, 18, 4, 5, 14, 6, 17, 11, 19, 2, 13, 8, 15, 1, 22, 21, 24, 23 ]
]
];

/*
Numerical Data
*/


/*
Powser Bases
*/


/*
Return for eval
*/

return s;
