s := BelyiDBInitialize();

/*
Base Field Data
*/

base_field_data := [* *];
K1<nu1> := NumberField(Polynomial([RationalField() | 1, -2, 0, -2, 1]));
place1 := InfinitePlaces(K1)[1];
conj1 := false;
CC<I> := ComplexField(20);
z1 := 0.00000000000000000000p20;
base_field_data_1 := [* K1, place1, conj1, z1 *];
Append(~base_field_data, base_field_data_1);
K2<nu2> := NumberField(Polynomial([RationalField() | 1, -2, 0, -2, 1]));
place2 := InfinitePlaces(K2)[1];
conj2 := false;
CC<I> := ComplexField(20);
z2 := 0.00000000000000000000p20;
base_field_data_2 := [* K2, place2, conj2, z2 *];
Append(~base_field_data, base_field_data_2);
K3<nu3> := NumberField(Polynomial([RationalField() | 1, -2, 0, -2, 1]));
place3 := InfinitePlaces(K3)[1];
conj3 := false;
CC<I> := ComplexField(20);
z3 := 0.00000000000000000000p20;
base_field_data_3 := [* K3, place3, conj3, z3 *];
Append(~base_field_data, base_field_data_3);
K4<nu4> := NumberField(Polynomial([RationalField() | 1, -2, 0, -2, 1]));
place4 := InfinitePlaces(K4)[1];
conj4 := false;
CC<I> := ComplexField(20);
z4 := 0.00000000000000000000p20;
base_field_data_4 := [* K4, place4, conj4, z4 *];
Append(~base_field_data, base_field_data_4);
s`BelyiDBBaseFieldData := base_field_data;

/*
Belyi Maps
*/

curves := [* *];
maps := [* *];
K1<nu1> := K1;
X1 := Curve(ProjectiveSpace(PolynomialRing(K1, 2)));
KX1<x> := FunctionField(X1);
phi1 := KX1!((-576*x^23 + (-73728*nu1^3 + 110592*nu1^2 + 147456)*x^22 + (6377472*nu1^3 - 12754944*nu1^2 - 6377472*nu1 - 17851392)*x^21 + (-885866496*nu1^3 + 1168637952*nu1^2 + 320323584*nu1 + 1771732992)*x^20 + (41064726528*nu1^3 - 82129453056*nu1^2 - 41064726528*nu1 - 108700286976)*x^19 + (-3044666769408*nu1^3 + 3855948447744*nu1^2 + 1422103412736*nu1 + 6089333538816)*x^18 + (83312589668352*nu1^3 - 166625179336704*nu1^2 - 83312589668352*nu1 - 224960415793152)*x^17 + (-3459120258613248*nu1^3 + 4338466758328320*nu1^2 + 1700427259183104*nu1 + 6918240517226496)*x^16 + (33951255436984320*nu1^3 - 67902510873968640*nu1^2 - 33951255436984320*nu1 - 95734593302298624)*x^15 + 1/3*(3850740111159328768*nu1^3 - 4832028384320028672*nu1^2 - 1888163564837928960*nu1 - 7701480222318657536)*x^14 + (-88486442282927521792*nu1^3 + 176972884565855043584*nu1^2 + 88486442282927521792*nu1 + 241932531808759447552)*x^13 + (5700763409951773163520*nu1^3 - 7225138425802918985728*nu1^2 - 2652013378249481519104*nu1 - 11401526819903546327040)*x^12 + 1/3*(-362865647011047313244160*nu1^3 + 725731294022094626488320*nu1^2 + 362865647011047313244160*nu1 + 992109980779793298227200)*x^11 + 1/3*(12909843852212894464737280*nu1^3 - 16373634211804199132332032*nu1^2 - 5982263133030285129547776*nu1 - 25819687704425788929474560)*x^10 + (-56783937146579336166375424*nu1^3 + 113567874293158672332750848*nu1^2 + 56783937146579336166375424*nu1 + 155100240202910265103089664)*x^9 + 1/3*(3904558823711234276397678592*nu1^3 - 4950615239572547752844853248*nu1^2 - 1812445991988607323503329280*nu1 - 7809117647422468552795357184)*x^8 + (-11154295500759059434492133376*nu1^3 + 22308591001518118868984266752*nu1^2 + 11154295500759059434492133376*nu1 + 30473107885347289305849004032)*x^7 + 1/3*(493873889720909558840597413888*nu1^3 - 626186454409088282513608015872*nu1^2 - 229248760344552111494576209920*nu1 - 987747779441819117681194827776)*x^6 + 1/27*(-23989897357826540611645059629056*nu1^3 + 47979794715653081223290119258112*nu1^2 + 23989897357826540611645059629056*nu1 + 65544257577965427280497961074688)*x^5 + 1/9*(71619608007614755770312624701440*nu1^3 - 90810361257782074893687995760640*nu1^2 - 33238101507280117523561882583040*nu1 - 143239216015229511540625249402880)*x^4 + 1/9*(-221066755436054868822391552737280*nu1^3 + 442133510872109737644783105474560*nu1^2 + 221066755436054868822391552737280*nu1 + 603982679032982003896065151991808)*x^3 + 1/81*(9249811459421090015115240399699968*nu1^3 - 11728662399800612723866479139749888*nu1^2 - 4292109578662044597612762919600128*nu1 - 18499622918842180030230480799399936)*x^2 + 1/27*(-4147789052816053840308849269014528*nu1^3 + 8295578105632107680617698538029056*nu1^2 + 4147789052816053840308849269014528*nu1 + 11331175010258536509509520169369600)*x + 1/9*(1879552065110034642399668201324544*nu1^3 - 2383073499064555317445446852411392*nu1^2 - 872509197200993292308110899150848*nu1 - 3759104130220069284799336402649088))/(x^24 + (128*nu1^3 - 192*nu1^2 - 544)*x^23 + (-47872*nu1^3 + 77312*nu1^2 + 11008*nu1 + 129472)*x^22 + 1/3*(23670784*nu1^3 - 39474176*nu1^2 - 11196416*nu1 - 54986240)*x^21 + (-789180416*nu1^3 + 1276813312*nu1^2 + 506408960*nu1 + 1762918912)*x^20 + 1/3*(162150711296*nu1^3 - 249307643904*nu1^2 - 111031025664*nu1 - 364157673472)*x^19 + 1/9*(-23185068720128*nu1^3 + 36319904530432*nu1^2 + 15883533615104*nu1 + 53639416954880)*x^18 + (87830722248704*nu1^3 - 142670839414784*nu1^2 - 61463077584896*nu1 - 204829062725632)*x^17 + (-2227489658109952*nu1^3 + 3165092436770816*nu1^2 + 1348143158394880*nu1 + 4766554399899648)*x^16 + 1/27*(533025272958550016*nu1^3 - 1010506587892088832*nu1^2 - 494746539890049024*nu1 - 1441783658699554816)*x^15 + 1/9*(3345470897199775744*nu1^3 - 2386764037401608192*nu1^2 - 401606077717676032*nu1 - 5155887253125332992)*x^14 + 1/9*(26542354044951724032*nu1^3 + 260355330641198317568*nu1^2 + 196040257129095888896*nu1 + 239233704503166369792)*x^13 + 1/27*(30555182016762155630592*nu1^3 - 4729120713165842153472*nu1^2 + 10602943411218781569024*nu1 - 26911040479818778935296)*x^12 + 1/27*(717728343876412496674816*nu1^3 + 284964288394792632582144*nu1^2 + 542677214680603064008704*nu1 - 236752597343180970524672)*x^11 + 1/27*(17742922095420455948124160*nu1^3 + 7021396525956242190893056*nu1^2 + 13431191140901286060228608*nu1 - 5932928233256959728418816)*x^10 + 1/81*(1158769347698018858423025664*nu1^3 + 213914383256479661924810752*nu1^2 + 695362099265910330357710848*nu1 - 635477876051098209647329280)*x^9 + 1/9*(1817883304729696314679361536*nu1^3 + 651987002315488570567032832*nu1^2 + 1320285942854244114662162432*nu1 - 680397044024092955475181568)*x^8 + 1/27*(69439935570011041173661024256*nu1^3 + 22208000804104343892013350912*nu1^2 + 48430170202252793426277826560*nu1 - 28658893208328281449648095232)*x^7 + 1/243*(6598549196879724324485161025536*nu1^3 + 1446135270066150175316943831040*nu1^2 + 4118768542862752293028697735168*nu1 - 3380160035539573220239753609216)*x^6 + 1/81*(15956880426293658515206528040960*nu1^3 + 6104750243972424819014958579712*nu1^2 + 11889550306653796651285677604864*nu1 - 5567066559118797944601293357056)*x^5 + 1/81*(103030053089725120556877039534080*nu1^3 + 29869740229063223797463562321920*nu1^2 + 69686726161780751553501299998720*nu1 - 45632977545009739997725480452096)*x^4 + 1/729*(4622341769933735643379009442545664*nu1^3 + 694411545718144571246068126187520*nu1^2 + 2650558789082948301984551191707648*nu1 - 2689792229352144503581096001142784)*x^3 + 1/243*(3574313246288874508489914985742336*nu1^3 + 3007814285984601942566172517990400*nu1^2 + 3862239574849693617763801234407424*nu1 + 394004766675267225223294181441536)*x^2 + 1/243*(13459901606100575029587641710411776*nu1^3 - 3403758615994073342995286781329408*nu1^2 + 3757913889030906160007291852554240*nu1 - 13259617141382220329162086079791104)*x + 1/729*(9462068593027599117897383930757120*nu1^3 + 36805103375743117442037758923112448*nu1^2 + 31323167557288575560810686807277568*nu1 + 29871413770388331171515768875515904)));
Append(~curves, X1);
Append(~maps, phi1);
K2<nu2> := K2;
X2 := Curve(ProjectiveSpace(PolynomialRing(K2, 2)));
KX2<x> := FunctionField(X2);
phi2 := KX2!((-576*x^23 + (73728*nu2^3 - 110592*nu2^2 - 147456)*x^22 + (6377472*nu2^3 - 12754944*nu2^2 - 6377472*nu2 - 17851392)*x^21 + (885866496*nu2^3 - 1168637952*nu2^2 - 320323584*nu2 - 1771732992)*x^20 + (41064726528*nu2^3 - 82129453056*nu2^2 - 41064726528*nu2 - 108700286976)*x^19 + (3044666769408*nu2^3 - 3855948447744*nu2^2 - 1422103412736*nu2 - 6089333538816)*x^18 + (83312589668352*nu2^3 - 166625179336704*nu2^2 - 83312589668352*nu2 - 224960415793152)*x^17 + (3459120258613248*nu2^3 - 4338466758328320*nu2^2 - 1700427259183104*nu2 - 6918240517226496)*x^16 + (33951255436984320*nu2^3 - 67902510873968640*nu2^2 - 33951255436984320*nu2 - 95734593302298624)*x^15 + 1/3*(-3850740111159328768*nu2^3 + 4832028384320028672*nu2^2 + 1888163564837928960*nu2 + 7701480222318657536)*x^14 + (-88486442282927521792*nu2^3 + 176972884565855043584*nu2^2 + 88486442282927521792*nu2 + 241932531808759447552)*x^13 + (-5700763409951773163520*nu2^3 + 7225138425802918985728*nu2^2 + 2652013378249481519104*nu2 + 11401526819903546327040)*x^12 + 1/3*(-362865647011047313244160*nu2^3 + 725731294022094626488320*nu2^2 + 362865647011047313244160*nu2 + 992109980779793298227200)*x^11 + 1/3*(-12909843852212894464737280*nu2^3 + 16373634211804199132332032*nu2^2 + 5982263133030285129547776*nu2 + 25819687704425788929474560)*x^10 + (-56783937146579336166375424*nu2^3 + 113567874293158672332750848*nu2^2 + 56783937146579336166375424*nu2 + 155100240202910265103089664)*x^9 + 1/3*(-3904558823711234276397678592*nu2^3 + 4950615239572547752844853248*nu2^2 + 1812445991988607323503329280*nu2 + 7809117647422468552795357184)*x^8 + (-11154295500759059434492133376*nu2^3 + 22308591001518118868984266752*nu2^2 + 11154295500759059434492133376*nu2 + 30473107885347289305849004032)*x^7 + 1/3*(-493873889720909558840597413888*nu2^3 + 626186454409088282513608015872*nu2^2 + 229248760344552111494576209920*nu2 + 987747779441819117681194827776)*x^6 + 1/27*(-23989897357826540611645059629056*nu2^3 + 47979794715653081223290119258112*nu2^2 + 23989897357826540611645059629056*nu2 + 65544257577965427280497961074688)*x^5 + 1/9*(-71619608007614755770312624701440*nu2^3 + 90810361257782074893687995760640*nu2^2 + 33238101507280117523561882583040*nu2 + 143239216015229511540625249402880)*x^4 + 1/9*(-221066755436054868822391552737280*nu2^3 + 442133510872109737644783105474560*nu2^2 + 221066755436054868822391552737280*nu2 + 603982679032982003896065151991808)*x^3 + 1/81*(-9249811459421090015115240399699968*nu2^3 + 11728662399800612723866479139749888*nu2^2 + 4292109578662044597612762919600128*nu2 + 18499622918842180030230480799399936)*x^2 + 1/27*(-4147789052816053840308849269014528*nu2^3 + 8295578105632107680617698538029056*nu2^2 + 4147789052816053840308849269014528*nu2 + 11331175010258536509509520169369600)*x + 1/9*(-1879552065110034642399668201324544*nu2^3 + 2383073499064555317445446852411392*nu2^2 + 872509197200993292308110899150848*nu2 + 3759104130220069284799336402649088))/(x^24 + (-128*nu2^3 + 192*nu2^2 - 32)*x^23 + (25856*nu2^3 - 33280*nu2^2 + 11008*nu2 - 17984)*x^22 + 1/3*(-4538368*nu2^3 + 1209344*nu2^2 - 7936000*nu2 + 1432064)*x^21 + (96686080*nu2^3 + 108175360*nu2^2 + 186085376*nu2 - 8814080)*x^20 + 1/3*(-38956531712*nu2^3 + 2919284736*nu2^2 - 12163153920*nu2 + 38056812544)*x^19 + 1/9*(4216932204544*nu2^3 + 1616368500736*nu2^2 + 3084602900480*nu2 - 1164584894464)*x^18 + (-4518132580352*nu2^3 - 23954339921920*nu2^2 - 21849512083456*nu2 - 20131353067520)*x^17 + (1231630600503296*nu2^3 - 1173374321557504*nu2^2 - 352284100788224*nu2 - 2151686117326848)*x^16 + 1/27*(383658623840026624*nu2^3 - 822861205705064448*nu2^2 - 421937356908527616*nu2 - 1143050360462508032)*x^15 + 1/9*(-8206749436278210560*nu2^3 + 12109321115558477824*nu2^2 + 5262884616796110848*nu2 + 17948553413830639616)*x^14 + 1/9*(-822920334591299420160*nu2^3 + 1332400630451497074688*nu2^2 + 600337723417251807232*nu2 + 1938159081775668658176)*x^13 + 1/27*(-123365430051935719784448*nu2^3 + 190349616783512970461184*nu2^2 + 82207304623954782584832*nu2 + 280930183657576971894784)*x^12 + 1/27*(-3983519166975838315872256*nu2^3 + 6246617357804059005812736*nu2^2 + 2723113608418822755188736*nu2 + 9165742424361320654569472)*x^11 + 1/27*(-98445672574495594234511360*nu2^3 + 154384104432194034381881344*nu2^2 + 67271559338173852226158592*nu2 + 226444261106575140636852224)*x^10 + 1/81*(-5758268256570945087899435008*nu2^3 + 8985083434489372797028007936*nu2^2 + 3904136809607015899118698496*nu2 + 13198597332486829682997592064)*x^9 + 1/9*(-9895793166404006514513674240*nu2^3 + 15503832721033131829101592576*nu2^2 + 6757623918820066085172150272*nu2 + 22746955898243312702910889984)*x^8 + 1/27*(-370605914090505645904948625408*nu2^3 + 580123956236884865570561851392*nu2^2 + 252735808318241811305009774592*nu2 + 851432806112705092707571204096)*x^7 + 1/243*(-33405235870513949941603229499392*nu2^3 + 52167238077202301058919193116672*nu2^2 + 22687918130771473324089370738688*nu2 + 76627410099247775311937027440640)*x^6 + 1/81*(-87926572499773280350141706928128*nu2^3 + 137834633902986818850855399194624*nu2^2 + 60080141766825825183649501282304*nu2 + 202199839293015079786095176581120)*x^5 + 1/81*(-541546418978807681375936582778880*nu2^3 + 847162991549101897840655524167680*nu2^2 + 368829639727301809265558243246080*nu2 + 1243519966592055863867901764173824)*x^4 + 1/729*(-22528748960254180017992725214265344*nu2^3 + 35118402834922744177981363417251840*nu2^2 + 15255848401237496072629164580012032*nu2 + 51612389231023686819162373312479232)*x^3 + 1/243*(-24175121131974395536855806213357568*nu2^3 + 38193801485386440114165609937240064*nu2^2 + 16738568310835827410602089993207808*nu2 + 55892873523201807315914736579641344)*x^2 + 1/243*(-50790003081445059592367285131542528*nu2^3 + 78063961566683042468554573623590912*nu2^2 + 33572187586313578402772351568576512*nu2 + 115240192233709048914747767604117504)*x + 1/729*(-142781648680885206916475740376530944*nu2^3 + 229834056799972098155118953968435200*nu2^2 + 101996412530569032237767669638496256*nu2 + 334358848318213943240262017490092032)));
Append(~curves, X2);
Append(~maps, phi2);
K3<nu3> := K3;
X3 := Curve(ProjectiveSpace(PolynomialRing(K3, 2)));
KX3<x> := FunctionField(X3);
phi3 := KX3!((-576*x^23 + (73728*nu3^3 - 110592*nu3^2 - 147456)*x^22 + (6377472*nu3^3 - 12754944*nu3^2 - 6377472*nu3 - 17851392)*x^21 + (885866496*nu3^3 - 1168637952*nu3^2 - 320323584*nu3 - 1771732992)*x^20 + (41064726528*nu3^3 - 82129453056*nu3^2 - 41064726528*nu3 - 108700286976)*x^19 + (3044666769408*nu3^3 - 3855948447744*nu3^2 - 1422103412736*nu3 - 6089333538816)*x^18 + (83312589668352*nu3^3 - 166625179336704*nu3^2 - 83312589668352*nu3 - 224960415793152)*x^17 + (3459120258613248*nu3^3 - 4338466758328320*nu3^2 - 1700427259183104*nu3 - 6918240517226496)*x^16 + (33951255436984320*nu3^3 - 67902510873968640*nu3^2 - 33951255436984320*nu3 - 95734593302298624)*x^15 + 1/3*(-3850740111159328768*nu3^3 + 4832028384320028672*nu3^2 + 1888163564837928960*nu3 + 7701480222318657536)*x^14 + (-88486442282927521792*nu3^3 + 176972884565855043584*nu3^2 + 88486442282927521792*nu3 + 241932531808759447552)*x^13 + (-5700763409951773163520*nu3^3 + 7225138425802918985728*nu3^2 + 2652013378249481519104*nu3 + 11401526819903546327040)*x^12 + 1/3*(-362865647011047313244160*nu3^3 + 725731294022094626488320*nu3^2 + 362865647011047313244160*nu3 + 992109980779793298227200)*x^11 + 1/3*(-12909843852212894464737280*nu3^3 + 16373634211804199132332032*nu3^2 + 5982263133030285129547776*nu3 + 25819687704425788929474560)*x^10 + (-56783937146579336166375424*nu3^3 + 113567874293158672332750848*nu3^2 + 56783937146579336166375424*nu3 + 155100240202910265103089664)*x^9 + 1/3*(-3904558823711234276397678592*nu3^3 + 4950615239572547752844853248*nu3^2 + 1812445991988607323503329280*nu3 + 7809117647422468552795357184)*x^8 + (-11154295500759059434492133376*nu3^3 + 22308591001518118868984266752*nu3^2 + 11154295500759059434492133376*nu3 + 30473107885347289305849004032)*x^7 + 1/3*(-493873889720909558840597413888*nu3^3 + 626186454409088282513608015872*nu3^2 + 229248760344552111494576209920*nu3 + 987747779441819117681194827776)*x^6 + 1/27*(-23989897357826540611645059629056*nu3^3 + 47979794715653081223290119258112*nu3^2 + 23989897357826540611645059629056*nu3 + 65544257577965427280497961074688)*x^5 + 1/9*(-71619608007614755770312624701440*nu3^3 + 90810361257782074893687995760640*nu3^2 + 33238101507280117523561882583040*nu3 + 143239216015229511540625249402880)*x^4 + 1/9*(-221066755436054868822391552737280*nu3^3 + 442133510872109737644783105474560*nu3^2 + 221066755436054868822391552737280*nu3 + 603982679032982003896065151991808)*x^3 + 1/81*(-9249811459421090015115240399699968*nu3^3 + 11728662399800612723866479139749888*nu3^2 + 4292109578662044597612762919600128*nu3 + 18499622918842180030230480799399936)*x^2 + 1/27*(-4147789052816053840308849269014528*nu3^3 + 8295578105632107680617698538029056*nu3^2 + 4147789052816053840308849269014528*nu3 + 11331175010258536509509520169369600)*x + 1/9*(-1879552065110034642399668201324544*nu3^3 + 2383073499064555317445446852411392*nu3^2 + 872509197200993292308110899150848*nu3 + 3759104130220069284799336402649088))/(x^24 + (-128*nu3^3 + 192*nu3^2 - 32)*x^23 + (25856*nu3^3 - 33280*nu3^2 + 11008*nu3 - 17984)*x^22 + 1/3*(-4538368*nu3^3 + 1209344*nu3^2 - 7936000*nu3 + 1432064)*x^21 + (96686080*nu3^3 + 108175360*nu3^2 + 186085376*nu3 - 8814080)*x^20 + 1/3*(-38956531712*nu3^3 + 2919284736*nu3^2 - 12163153920*nu3 + 38056812544)*x^19 + 1/9*(4216932204544*nu3^3 + 1616368500736*nu3^2 + 3084602900480*nu3 - 1164584894464)*x^18 + (-4518132580352*nu3^3 - 23954339921920*nu3^2 - 21849512083456*nu3 - 20131353067520)*x^17 + (1231630600503296*nu3^3 - 1173374321557504*nu3^2 - 352284100788224*nu3 - 2151686117326848)*x^16 + 1/27*(383658623840026624*nu3^3 - 822861205705064448*nu3^2 - 421937356908527616*nu3 - 1143050360462508032)*x^15 + 1/9*(-8206749436278210560*nu3^3 + 12109321115558477824*nu3^2 + 5262884616796110848*nu3 + 17948553413830639616)*x^14 + 1/9*(-822920334591299420160*nu3^3 + 1332400630451497074688*nu3^2 + 600337723417251807232*nu3 + 1938159081775668658176)*x^13 + 1/27*(-123365430051935719784448*nu3^3 + 190349616783512970461184*nu3^2 + 82207304623954782584832*nu3 + 280930183657576971894784)*x^12 + 1/27*(-3983519166975838315872256*nu3^3 + 6246617357804059005812736*nu3^2 + 2723113608418822755188736*nu3 + 9165742424361320654569472)*x^11 + 1/27*(-98445672574495594234511360*nu3^3 + 154384104432194034381881344*nu3^2 + 67271559338173852226158592*nu3 + 226444261106575140636852224)*x^10 + 1/81*(-5758268256570945087899435008*nu3^3 + 8985083434489372797028007936*nu3^2 + 3904136809607015899118698496*nu3 + 13198597332486829682997592064)*x^9 + 1/9*(-9895793166404006514513674240*nu3^3 + 15503832721033131829101592576*nu3^2 + 6757623918820066085172150272*nu3 + 22746955898243312702910889984)*x^8 + 1/27*(-370605914090505645904948625408*nu3^3 + 580123956236884865570561851392*nu3^2 + 252735808318241811305009774592*nu3 + 851432806112705092707571204096)*x^7 + 1/243*(-33405235870513949941603229499392*nu3^3 + 52167238077202301058919193116672*nu3^2 + 22687918130771473324089370738688*nu3 + 76627410099247775311937027440640)*x^6 + 1/81*(-87926572499773280350141706928128*nu3^3 + 137834633902986818850855399194624*nu3^2 + 60080141766825825183649501282304*nu3 + 202199839293015079786095176581120)*x^5 + 1/81*(-541546418978807681375936582778880*nu3^3 + 847162991549101897840655524167680*nu3^2 + 368829639727301809265558243246080*nu3 + 1243519966592055863867901764173824)*x^4 + 1/729*(-22528748960254180017992725214265344*nu3^3 + 35118402834922744177981363417251840*nu3^2 + 15255848401237496072629164580012032*nu3 + 51612389231023686819162373312479232)*x^3 + 1/243*(-24175121131974395536855806213357568*nu3^3 + 38193801485386440114165609937240064*nu3^2 + 16738568310835827410602089993207808*nu3 + 55892873523201807315914736579641344)*x^2 + 1/243*(-50790003081445059592367285131542528*nu3^3 + 78063961566683042468554573623590912*nu3^2 + 33572187586313578402772351568576512*nu3 + 115240192233709048914747767604117504)*x + 1/729*(-142781648680885206916475740376530944*nu3^3 + 229834056799972098155118953968435200*nu3^2 + 101996412530569032237767669638496256*nu3 + 334358848318213943240262017490092032)));
Append(~curves, X3);
Append(~maps, phi3);
K4<nu4> := K4;
X4 := Curve(ProjectiveSpace(PolynomialRing(K4, 2)));
KX4<x> := FunctionField(X4);
phi4 := KX4!((-576*x^23 + (-73728*nu4^3 + 110592*nu4^2 + 147456)*x^22 + (6377472*nu4^3 - 12754944*nu4^2 - 6377472*nu4 - 17851392)*x^21 + (-885866496*nu4^3 + 1168637952*nu4^2 + 320323584*nu4 + 1771732992)*x^20 + (41064726528*nu4^3 - 82129453056*nu4^2 - 41064726528*nu4 - 108700286976)*x^19 + (-3044666769408*nu4^3 + 3855948447744*nu4^2 + 1422103412736*nu4 + 6089333538816)*x^18 + (83312589668352*nu4^3 - 166625179336704*nu4^2 - 83312589668352*nu4 - 224960415793152)*x^17 + (-3459120258613248*nu4^3 + 4338466758328320*nu4^2 + 1700427259183104*nu4 + 6918240517226496)*x^16 + (33951255436984320*nu4^3 - 67902510873968640*nu4^2 - 33951255436984320*nu4 - 95734593302298624)*x^15 + 1/3*(3850740111159328768*nu4^3 - 4832028384320028672*nu4^2 - 1888163564837928960*nu4 - 7701480222318657536)*x^14 + (-88486442282927521792*nu4^3 + 176972884565855043584*nu4^2 + 88486442282927521792*nu4 + 241932531808759447552)*x^13 + (5700763409951773163520*nu4^3 - 7225138425802918985728*nu4^2 - 2652013378249481519104*nu4 - 11401526819903546327040)*x^12 + 1/3*(-362865647011047313244160*nu4^3 + 725731294022094626488320*nu4^2 + 362865647011047313244160*nu4 + 992109980779793298227200)*x^11 + 1/3*(12909843852212894464737280*nu4^3 - 16373634211804199132332032*nu4^2 - 5982263133030285129547776*nu4 - 25819687704425788929474560)*x^10 + (-56783937146579336166375424*nu4^3 + 113567874293158672332750848*nu4^2 + 56783937146579336166375424*nu4 + 155100240202910265103089664)*x^9 + 1/3*(3904558823711234276397678592*nu4^3 - 4950615239572547752844853248*nu4^2 - 1812445991988607323503329280*nu4 - 7809117647422468552795357184)*x^8 + (-11154295500759059434492133376*nu4^3 + 22308591001518118868984266752*nu4^2 + 11154295500759059434492133376*nu4 + 30473107885347289305849004032)*x^7 + 1/3*(493873889720909558840597413888*nu4^3 - 626186454409088282513608015872*nu4^2 - 229248760344552111494576209920*nu4 - 987747779441819117681194827776)*x^6 + 1/27*(-23989897357826540611645059629056*nu4^3 + 47979794715653081223290119258112*nu4^2 + 23989897357826540611645059629056*nu4 + 65544257577965427280497961074688)*x^5 + 1/9*(71619608007614755770312624701440*nu4^3 - 90810361257782074893687995760640*nu4^2 - 33238101507280117523561882583040*nu4 - 143239216015229511540625249402880)*x^4 + 1/9*(-221066755436054868822391552737280*nu4^3 + 442133510872109737644783105474560*nu4^2 + 221066755436054868822391552737280*nu4 + 603982679032982003896065151991808)*x^3 + 1/81*(9249811459421090015115240399699968*nu4^3 - 11728662399800612723866479139749888*nu4^2 - 4292109578662044597612762919600128*nu4 - 18499622918842180030230480799399936)*x^2 + 1/27*(-4147789052816053840308849269014528*nu4^3 + 8295578105632107680617698538029056*nu4^2 + 4147789052816053840308849269014528*nu4 + 11331175010258536509509520169369600)*x + 1/9*(1879552065110034642399668201324544*nu4^3 - 2383073499064555317445446852411392*nu4^2 - 872509197200993292308110899150848*nu4 - 3759104130220069284799336402649088))/(x^24 + (128*nu4^3 - 192*nu4^2 - 544)*x^23 + (-47872*nu4^3 + 77312*nu4^2 + 11008*nu4 + 129472)*x^22 + 1/3*(23670784*nu4^3 - 39474176*nu4^2 - 11196416*nu4 - 54986240)*x^21 + (-789180416*nu4^3 + 1276813312*nu4^2 + 506408960*nu4 + 1762918912)*x^20 + 1/3*(162150711296*nu4^3 - 249307643904*nu4^2 - 111031025664*nu4 - 364157673472)*x^19 + 1/9*(-23185068720128*nu4^3 + 36319904530432*nu4^2 + 15883533615104*nu4 + 53639416954880)*x^18 + (87830722248704*nu4^3 - 142670839414784*nu4^2 - 61463077584896*nu4 - 204829062725632)*x^17 + (-2227489658109952*nu4^3 + 3165092436770816*nu4^2 + 1348143158394880*nu4 + 4766554399899648)*x^16 + 1/27*(533025272958550016*nu4^3 - 1010506587892088832*nu4^2 - 494746539890049024*nu4 - 1441783658699554816)*x^15 + 1/9*(3345470897199775744*nu4^3 - 2386764037401608192*nu4^2 - 401606077717676032*nu4 - 5155887253125332992)*x^14 + 1/9*(26542354044951724032*nu4^3 + 260355330641198317568*nu4^2 + 196040257129095888896*nu4 + 239233704503166369792)*x^13 + 1/27*(30555182016762155630592*nu4^3 - 4729120713165842153472*nu4^2 + 10602943411218781569024*nu4 - 26911040479818778935296)*x^12 + 1/27*(717728343876412496674816*nu4^3 + 284964288394792632582144*nu4^2 + 542677214680603064008704*nu4 - 236752597343180970524672)*x^11 + 1/27*(17742922095420455948124160*nu4^3 + 7021396525956242190893056*nu4^2 + 13431191140901286060228608*nu4 - 5932928233256959728418816)*x^10 + 1/81*(1158769347698018858423025664*nu4^3 + 213914383256479661924810752*nu4^2 + 695362099265910330357710848*nu4 - 635477876051098209647329280)*x^9 + 1/9*(1817883304729696314679361536*nu4^3 + 651987002315488570567032832*nu4^2 + 1320285942854244114662162432*nu4 - 680397044024092955475181568)*x^8 + 1/27*(69439935570011041173661024256*nu4^3 + 22208000804104343892013350912*nu4^2 + 48430170202252793426277826560*nu4 - 28658893208328281449648095232)*x^7 + 1/243*(6598549196879724324485161025536*nu4^3 + 1446135270066150175316943831040*nu4^2 + 4118768542862752293028697735168*nu4 - 3380160035539573220239753609216)*x^6 + 1/81*(15956880426293658515206528040960*nu4^3 + 6104750243972424819014958579712*nu4^2 + 11889550306653796651285677604864*nu4 - 5567066559118797944601293357056)*x^5 + 1/81*(103030053089725120556877039534080*nu4^3 + 29869740229063223797463562321920*nu4^2 + 69686726161780751553501299998720*nu4 - 45632977545009739997725480452096)*x^4 + 1/729*(4622341769933735643379009442545664*nu4^3 + 694411545718144571246068126187520*nu4^2 + 2650558789082948301984551191707648*nu4 - 2689792229352144503581096001142784)*x^3 + 1/243*(3574313246288874508489914985742336*nu4^3 + 3007814285984601942566172517990400*nu4^2 + 3862239574849693617763801234407424*nu4 + 394004766675267225223294181441536)*x^2 + 1/243*(13459901606100575029587641710411776*nu4^3 - 3403758615994073342995286781329408*nu4^2 + 3757913889030906160007291852554240*nu4 - 13259617141382220329162086079791104)*x + 1/729*(9462068593027599117897383930757120*nu4^3 + 36805103375743117442037758923112448*nu4^2 + 31323167557288575560810686807277568*nu4 + 29871413770388331171515768875515904)));
Append(~curves, X4);
Append(~maps, phi4);
s`BelyiDBBelyiCurves := curves;
s`BelyiDBBelyiMaps := maps;

/*
auto printing
*/

s`BelyiDBName := "24T274-[2,4,4]-2,2,2,2,2,2,2,2,2,2,1,1,1,1-4,4,4,4,4,4-4,4,4,4,4,4-g0";
s`BelyiDBFilename := "24T274-[2,4,4]-2,2,2,2,2,2,2,2,2,2,1,1,1,1-4,4,4,4,4,4-4,4,4,4,4,4-g0.m";
s`BelyiDBDegree := 24;
s`BelyiDBOrders := \[ 2, 4, 4 ];
s`BelyiDBType := "Euclidean";
s`BelyiDBGenus := 0;
s`BelyiDBSize := 4;
s`BelyiDBPointedSize := 4;
s`BelyiDBPermutationTriple := [ PermutationGroup<24 |  
\[ 2, 3, 4, 5, 6, 7, 8, 9, 10, 11, 12, 13, 14, 15, 16, 17, 18, 19, 20, 21, 22, 23, 24, 1 ],
\[ 2, 1, 3, 4, 5, 6, 7, 8, 9, 10, 11, 12, 13, 14, 15, 16, 17, 18, 19, 20, 21, 22, 23, 24 ]:
 Order := 620448401733239439360000 > |
[ 1, 12, 11, 19, 5, 20, 10, 9, 8, 7, 3, 2, 22, 21, 18, 17, 16, 15, 4, 6, 14, 13, 23, 24 ],
[ 21, 10, 8, 5, 22, 1, 13, 19, 14, 20, 18, 16, 9, 7, 4, 11, 6, 12, 23, 24, 17, 15, 3, 2 ],
[ 6, 18, 16, 8, 4, 10, 2, 13, 3, 14, 23, 24, 5, 1, 11, 21, 12, 22, 15, 17, 9, 7, 19, 20 ]
];
s`BelyiDBAutomorphismGroup := PermutationGroup<24 |  
\[ 24, 21, 22, 19, 23, 20, 16, 15, 18, 17, 13, 14, 11, 12, 8, 7, 10, 9, 4, 6, 2, 3, 5, 1 ],
\[ 5, 3, 2, 6, 1, 4, 9, 10, 7, 8, 12, 11, 14, 13, 17, 18, 15, 16, 20, 19, 22, 21, 24, 23 ]:
 Order := 4 >;
s`BelyiDBPointedAutomorphismGroup := PermutationGroup<24 |   >;
s`BelyiDBMonodromyGroup := PermutationGroup<24 |  
\[ 1, 12, 11, 19, 5, 20, 10, 9, 8, 7, 3, 2, 22, 21, 18, 17, 16, 15, 4, 6, 14, 13, 23, 24 ],
\[ 21, 10, 8, 5, 22, 1, 13, 19, 14, 20, 18, 16, 9, 7, 4, 11, 6, 12, 23, 24, 17, 15, 3, 2 ],
\[ 6, 18, 16, 8, 4, 10, 2, 13, 3, 14, 23, 24, 5, 1, 11, 21, 12, 22, 15, 17, 9, 7, 19, 20 ]:
 Order := 144 >;
s`BelyiDBPassport := [ PowerSequence(PermutationGroup<24 |  
\[ 1, 12, 11, 19, 5, 20, 10, 9, 8, 7, 3, 2, 22, 21, 18, 17, 16, 15, 4, 6, 14, 13, 23, 24 ],
\[ 21, 10, 8, 5, 22, 1, 13, 19, 14, 20, 18, 16, 9, 7, 4, 11, 6, 12, 23, 24, 17, 15, 3, 2 ],
\[ 6, 18, 16, 8, 4, 10, 2, 13, 3, 14, 23, 24, 5, 1, 11, 21, 12, 22, 15, 17, 9, 7, 19, 20 ]:
 Order := 144 >) |
[ PermutationGroup<24 |  
\[ 1, 12, 11, 19, 5, 20, 10, 9, 8, 7, 3, 2, 22, 21, 18, 17, 16, 15, 4, 6, 14, 13, 23, 24 ],
\[ 21, 10, 8, 5, 22, 1, 13, 19, 14, 20, 18, 16, 9, 7, 4, 11, 6, 12, 23, 24, 17, 15, 3, 2 ],
\[ 6, 18, 16, 8, 4, 10, 2, 13, 3, 14, 23, 24, 5, 1, 11, 21, 12, 22, 15, 17, 9, 7, 19, 20 ]:
 Order := 144 > |
[ 8, 14, 13, 4, 10, 6, 16, 1, 18, 5, 22, 21, 3, 2, 24, 7, 23, 9, 19, 20, 12, 11, 17, 15 ],
[ 21, 10, 8, 5, 22, 1, 13, 19, 14, 20, 18, 16, 9, 7, 4, 11, 6, 12, 23, 24, 17, 15, 3, 2 ],
[ 3, 9, 7, 15, 2, 17, 12, 6, 11, 4, 5, 1, 23, 24, 20, 14, 19, 13, 8, 10, 18, 16, 21, 22 ]
],
[ PermutationGroup<24 |  
\[ 1, 12, 11, 19, 5, 20, 10, 9, 8, 7, 3, 2, 22, 21, 18, 17, 16, 15, 4, 6, 14, 13, 23, 24 ],
\[ 21, 10, 8, 5, 22, 1, 13, 19, 14, 20, 18, 16, 9, 7, 4, 11, 6, 12, 23, 24, 17, 15, 3, 2 ],
\[ 6, 18, 16, 8, 4, 10, 2, 13, 3, 14, 23, 24, 5, 1, 11, 21, 12, 22, 15, 17, 9, 7, 19, 20 ]:
 Order := 144 > |
[ 9, 2, 3, 12, 7, 11, 5, 15, 1, 17, 6, 4, 20, 19, 8, 23, 10, 24, 14, 13, 21, 22, 16, 18 ],
[ 21, 10, 8, 5, 22, 1, 13, 19, 14, 20, 18, 16, 9, 7, 4, 11, 6, 12, 23, 24, 17, 15, 3, 2 ],
[ 13, 24, 23, 18, 14, 16, 4, 22, 6, 21, 17, 15, 10, 8, 3, 19, 2, 20, 9, 7, 1, 5, 12, 11 ]
],
[ PermutationGroup<24 |  
\[ 1, 12, 11, 19, 5, 20, 10, 9, 8, 7, 3, 2, 22, 21, 18, 17, 16, 15, 4, 6, 14, 13, 23, 24 ],
\[ 21, 10, 8, 5, 22, 1, 13, 19, 14, 20, 18, 16, 9, 7, 4, 11, 6, 12, 23, 24, 17, 15, 3, 2 ],
\[ 6, 18, 16, 8, 4, 10, 2, 13, 3, 14, 23, 24, 5, 1, 11, 21, 12, 22, 15, 17, 9, 7, 19, 20 ]:
 Order := 144 > |
[ 9, 19, 20, 21, 7, 22, 5, 15, 1, 17, 11, 12, 13, 14, 8, 23, 10, 24, 2, 3, 4, 6, 16, 18 ],
[ 21, 10, 8, 5, 22, 1, 13, 19, 14, 20, 18, 16, 9, 7, 4, 11, 6, 12, 23, 24, 17, 15, 3, 2 ],
[ 13, 8, 10, 1, 14, 5, 4, 22, 6, 21, 16, 18, 7, 9, 3, 19, 2, 20, 24, 23, 15, 17, 12, 11 ]
],
[ PermutationGroup<24 |  
\[ 1, 12, 11, 19, 5, 20, 10, 9, 8, 7, 3, 2, 22, 21, 18, 17, 16, 15, 4, 6, 14, 13, 23, 24 ],
\[ 21, 10, 8, 5, 22, 1, 13, 19, 14, 20, 18, 16, 9, 7, 4, 11, 6, 12, 23, 24, 17, 15, 3, 2 ],
\[ 6, 18, 16, 8, 4, 10, 2, 13, 3, 14, 23, 24, 5, 1, 11, 21, 12, 22, 15, 17, 9, 7, 19, 20 ]:
 Order := 144 > |
[ 18, 21, 22, 14, 16, 13, 23, 8, 24, 10, 20, 19, 6, 4, 15, 5, 17, 1, 12, 11, 2, 3, 7, 9 ],
[ 21, 10, 8, 5, 22, 1, 13, 19, 14, 20, 18, 16, 9, 7, 4, 11, 6, 12, 23, 24, 17, 15, 3, 2 ],
[ 11, 1, 5, 9, 12, 7, 19, 3, 20, 2, 10, 8, 17, 15, 22, 4, 21, 6, 18, 16, 24, 23, 14, 13 ]
]
];
s`BelyiDBPointedPassport := [ PowerSequence(PermutationGroup<24 |  
\[ 2, 3, 4, 5, 6, 7, 8, 9, 10, 11, 12, 13, 14, 15, 16, 17, 18, 19, 20, 21, 22, 23, 24, 1 ],
\[ 2, 1, 3, 4, 5, 6, 7, 8, 9, 10, 11, 12, 13, 14, 15, 16, 17, 18, 19, 20, 21, 22, 23, 24 ]:
 Order := 620448401733239439360000 >) |
[ PermutationGroup<24 |  
\[ 2, 3, 4, 5, 6, 7, 8, 9, 10, 11, 12, 13, 14, 15, 16, 17, 18, 19, 20, 21, 22, 23, 24, 1 ],
\[ 2, 1, 3, 4, 5, 6, 7, 8, 9, 10, 11, 12, 13, 14, 15, 16, 17, 18, 19, 20, 21, 22, 23, 24 ]:
 Order := 620448401733239439360000 > |
[ 1, 12, 11, 19, 5, 20, 10, 9, 8, 7, 3, 2, 22, 21, 18, 17, 16, 15, 4, 6, 14, 13, 23, 24 ],
[ 21, 10, 8, 5, 22, 1, 13, 19, 14, 20, 18, 16, 9, 7, 4, 11, 6, 12, 23, 24, 17, 15, 3, 2 ],
[ 6, 18, 16, 8, 4, 10, 2, 13, 3, 14, 23, 24, 5, 1, 11, 21, 12, 22, 15, 17, 9, 7, 19, 20 ]
],
[ PermutationGroup<24 |  
\[ 2, 3, 4, 5, 6, 7, 8, 9, 10, 11, 12, 13, 14, 15, 16, 17, 18, 19, 20, 21, 22, 23, 24, 1 ],
\[ 2, 1, 3, 4, 5, 6, 7, 8, 9, 10, 11, 12, 13, 14, 15, 16, 17, 18, 19, 20, 21, 22, 23, 24 ]:
 Order := 620448401733239439360000 > |
[ 1, 4, 6, 2, 5, 3, 10, 9, 8, 7, 13, 14, 11, 12, 18, 17, 16, 15, 21, 22, 19, 20, 23, 24 ],
[ 12, 23, 24, 16, 11, 18, 20, 2, 19, 3, 15, 17, 8, 10, 21, 6, 22, 4, 7, 9, 5, 1, 13, 14 ],
[ 22, 18, 16, 8, 21, 10, 14, 20, 13, 19, 23, 24, 5, 1, 6, 12, 4, 11, 15, 17, 9, 7, 2, 3 ]
],
[ PermutationGroup<24 |  
\[ 2, 3, 4, 5, 6, 7, 8, 9, 10, 11, 12, 13, 14, 15, 16, 17, 18, 19, 20, 21, 22, 23, 24, 1 ],
\[ 2, 1, 3, 4, 5, 6, 7, 8, 9, 10, 11, 12, 13, 14, 15, 16, 17, 18, 19, 20, 21, 22, 23, 24 ]:
 Order := 620448401733239439360000 > |
[ 1, 21, 22, 14, 5, 13, 10, 9, 8, 7, 20, 19, 6, 4, 18, 17, 16, 15, 12, 11, 2, 3, 23, 24 ],
[ 4, 7, 9, 17, 6, 15, 3, 14, 2, 13, 1, 5, 24, 23, 12, 22, 11, 21, 10, 8, 16, 18, 20, 19 ],
[ 11, 18, 16, 8, 12, 10, 19, 3, 20, 2, 23, 24, 5, 1, 22, 4, 21, 6, 15, 17, 9, 7, 14, 13 ]
],
[ PermutationGroup<24 |  
\[ 2, 3, 4, 5, 6, 7, 8, 9, 10, 11, 12, 13, 14, 15, 16, 17, 18, 19, 20, 21, 22, 23, 24, 1 ],
\[ 2, 1, 3, 4, 5, 6, 7, 8, 9, 10, 11, 12, 13, 14, 15, 16, 17, 18, 19, 20, 21, 22, 23, 24 ]:
 Order := 620448401733239439360000 > |
[ 1, 4, 6, 2, 5, 3, 10, 9, 8, 7, 13, 14, 11, 12, 18, 17, 16, 15, 21, 22, 19, 20, 23, 24 ],
[ 19, 17, 15, 23, 20, 24, 22, 12, 21, 11, 9, 7, 18, 16, 14, 3, 13, 2, 5, 1, 10, 8, 6, 4 ],
[ 20, 24, 23, 18, 19, 16, 21, 11, 22, 12, 17, 15, 10, 8, 13, 2, 14, 3, 9, 7, 1, 5, 4, 6 ]
]
];

/*
Numerical Data
*/


/*
Powser Bases
*/


/*
Return for eval
*/

return s;
