s := BelyiDBInitialize();

/*
Base Field Data
*/

base_field_data := [* *];
K1<nu1> := NumberField(Polynomial([RationalField() | 1, 0, 0, 0, -1, 0, 0, 0, 1]));
place1 := InfinitePlaces(K1)[1];
conj1 := false;
CC<I> := ComplexField(20);
z1 := 0.00000000000000000000p20;
base_field_data_1 := [* K1, place1, conj1, z1 *];
Append(~base_field_data, base_field_data_1);
K2<nu2> := NumberField(Polynomial([RationalField() | 1, 0, -4, 0, 1]));
place2 := InfinitePlaces(K2)[1];
conj2 := false;
CC<I> := ComplexField(20);
z2 := 0.00000000000000000000p20;
base_field_data_2 := [* K2, place2, conj2, z2 *];
Append(~base_field_data, base_field_data_2);
K3<nu3> := NumberField(Polynomial([RationalField() | 1, 0, -4, 0, 1]));
place3 := InfinitePlaces(K3)[1];
conj3 := false;
CC<I> := ComplexField(20);
z3 := 0.00000000000000000000p20;
base_field_data_3 := [* K3, place3, conj3, z3 *];
Append(~base_field_data, base_field_data_3);
K4<nu4> := NumberField(Polynomial([RationalField() | 1, 0, -4, 0, 1]));
place4 := InfinitePlaces(K4)[1];
conj4 := false;
CC<I> := ComplexField(20);
z4 := 0.00000000000000000000p20;
base_field_data_4 := [* K4, place4, conj4, z4 *];
Append(~base_field_data, base_field_data_4);
s`BelyiDBBaseFieldData := base_field_data;

/*
Belyi Maps
*/

curves := [* *];
maps := [* *];
K1<nu1> := K1;
aInvs1 := [0,0,0,-960*nu1^7 - 1080*nu1^6 - 960*nu1^5 - 1095*nu1^4 + 120*nu1^3 + 540*nu1^2 + 840*nu1 + 1095,-17640*nu1^7 - 13860*nu1^6 - 7560*nu1^5 + 25200*nu1^3 + 27720*nu1^2 + 25200*nu1 + 22198];
E1 := EllipticCurve(aInvs1);
X1 := BaseChange(E1, K1);
KX1<x,y> := FunctionField(X1);
phi1 := KX1!((1/1024*x^11 + 1/1024*(52*nu1^7 + 74*nu1^6 + 52*nu1^5 + 85*nu1^4 + 52*nu1^3 + 74*nu1^2 + 52*nu1)*x^10 + 1/1024*(18880*nu1^7 + 18968*nu1^6 + 18880*nu1^5 + 18187*nu1^4 - 4232*nu1^3 - 9484*nu1^2 - 14648*nu1 - 18187)*x^9 + 1/1024*(1523124*nu1^7 + 1093338*nu1^6 + 580356*nu1^5 - 2103480*nu1^3 - 2186676*nu1^2 - 2103480*nu1 - 1783527)*x^8 + 1/512*(-19269552*nu1^7 - 38337000*nu1^6 - 56427024*nu1^5 - 68227869*nu1^4 - 56427024*nu1^3 - 38337000*nu1^2 - 19269552*nu1)*x^7 + 1/512*(-3907598088*nu1^7 - 4065373716*nu1^6 - 3907598088*nu1^5 - 3448660737*nu1^4 + 1082321556*nu1^3 + 2032686858*nu1^2 + 2825276532*nu1 + 3448660737)*x^6 + 1/512*(-106637521896*nu1^7 - 74434925700*nu1^6 - 37823117976*nu1^5 + 144460639872*nu1^3 + 148869851400*nu1^2 + 144460639872*nu1 + 130490015523)*x^5 + 1/512*(1052607905268*nu1^7 + 2013911869314*nu1^6 + 2828563361988*nu1^5 + 3463218514815*nu1^4 + 2828563361988*nu1^3 + 2013911869314*nu1^2 + 1052607905268*nu1)*x^4 + 1/1024*(146532151208064*nu1^7 + 151455829115040*nu1^6 + 146532151208064*nu1^5 + 131645535974805*nu1^4 - 39009047641440*nu1^3 - 75727914557520*nu1^2 - 107523103566624*nu1 - 131645535974805)*x^3 + 1/1024*(1360184872348260*nu1^7 + 963337504528098*nu1^6 + 499977413525412*nu1^5 - 1860162285873672*nu1^3 - 1926675009056196*nu1^2 - 1860162285873672*nu1 - 1665500650445753)*x^2 + 1/1024*(-3806819914122632*nu1^7 - 7362058233385420*nu1^6 - 10421447455520696*nu1^5 - 12762169677827807*nu1^4 - 10421447455520696*nu1^3 - 7362058233385420*nu1^2 - 3806819914122632*nu1)*x + 1/1024*(-49701698894795096*nu1^7 - 51460036267925956*nu1^6 - 49701698894795096*nu1^5 - 44548812153077771*nu1^4 + 13326314676841492*nu1^3 + 25730018133962978*nu1^2 + 36375384217953604*nu1 + 44548812153077771))/(x^11 + (52*nu1^7 + 74*nu1^6 + 52*nu1^5 + 85*nu1^4 + 52*nu1^3 + 74*nu1^2 + 52*nu1)*x^10 + (18688*nu1^7 + 18752*nu1^6 + 18688*nu1^5 + 17968*nu1^4 - 4208*nu1^3 - 9376*nu1^2 - 14480*nu1 - 17968)*x^9 + (1459584*nu1^7 + 1045272*nu1^6 + 554112*nu1^5 - 2013696*nu1^3 - 2090544*nu1^2 - 2013696*nu1 - 1779540)*x^8 + (-37728528*nu1^7 - 72958704*nu1^6 - 103511472*nu1^5 - 126591666*nu1^4 - 103511472*nu1^3 - 72958704*nu1^2 - 37728528*nu1)*x^7 + (-6955539504*nu1^7 - 7199001000*nu1^6 - 6955539504*nu1^5 - 6235034802*nu1^4 + 1863261048*nu1^3 + 3599500500*nu1^2 + 5092278456*nu1 + 6235034802)*x^6 + (-179133785136*nu1^7 - 126687409248*nu1^6 - 65585400912*nu1^5 + 244719186048*nu1^3 + 253374818496*nu1^2 + 244719186048*nu1 + 219406362096)*x^5 + (1647891313968*nu1^7 + 3183801132672*nu1^6 + 4502312724720*nu1^5 + 5514607125264*nu1^4 + 4502312724720*nu1^3 + 3183801132672*nu1^2 + 1647891313968*nu1)*x^4 + (108194155101120*nu1^7 + 112016047678176*nu1^6 + 108194155101120*nu1^5 + 97009455607365*nu1^4 - 28990276007280*nu1^3 - 56008023839088*nu1^2 - 79203879093840*nu1 - 97009455607365)*x^3 + (928840972184820*nu1^7 + 656810023029042*nu1^6 + 339982600537908*nu1^5 - 1268823572722728*nu1^3 - 1313620046058084*nu1^2 - 1268823572722728*nu1 - 1137623236777169)*x^2 + (-2392075746133184*nu1^7 - 4621198159580320*nu1^6 - 6535271496528704*nu1^5 - 8004143520333032*nu1^4 - 6535271496528704*nu1^3 - 4621198159580320*nu1^2 - 2392075746133184*nu1)*x - 28549256849664800*nu1^7 - 29556530939290672*nu1^6 - 28549256849664800*nu1^5 - 25596765770180036*nu1^4 + 7649715499727728*nu1^3 + 14778265469645336*nu1^2 + 20899541349937072*nu1 + 25596765770180036)*y + 1/2);
Append(~curves, X1);
Append(~maps, phi1);
K2<nu2> := K2;
aInvs2 := [0,0,0,960*nu2^3 + 540*nu2^2 - 3720*nu2 - 2175,-25200*nu2^3 - 13860*nu2^2 + 93240*nu2 + 49918];
E2 := EllipticCurve(aInvs2);
X2 := BaseChange(E2, K2);
KX2<x,y> := FunctionField(X2);
phi2 := KX2!((1/1024*x^11 + 1/1024*(104*nu2^3 + 74*nu2^2 - 364*nu2 - 233)*x^10 + 1/1024*(-18880*nu2^3 - 9484*nu2^2 + 71288*nu2 + 37155)*x^9 + 1/1024*(2103480*nu2^3 + 1093338*nu2^2 - 7833564*nu2 - 3970203)*x^8 + 1/512*(-75696576*nu2^3 - 38337000*nu2^2 + 283516752*nu2 + 144901869)*x^7 + 1/512*(3907598088*nu2^3 + 2032686858*nu2^2 - 14548070796*nu2 - 7514034453)*x^6 + 1/512*(-144460639872*nu2^3 - 74434925700*nu2^2 + 540019441512*nu2 + 279359866923)*x^5 + 1/512*(3881171267256*nu2^3 + 2013911869314*nu2^2 - 14472077163756*nu2 - 7491042253443)*x^4 + 1/1024*(-146532151208064*nu2^3 - 75727914557520*nu2^2 + 547119557190816*nu2 + 283101365089845)*x^3 + 1/1024*(1860162285873672*nu2^3 + 963337504528098*nu2^2 - 6940671729969276*nu2 - 3592175659501949)*x^2 + 1/1024*(-14228267369643328*nu2^3 - 7362058233385420*nu2^2 + 53106249564450680*nu2 + 27486286144598647)*x + 1/1024*(49701698894795096*nu2^3 + 25730018133962978*nu2^2 - 185480480902338892*nu2 - 96008848421003727))/(x^11 + (104*nu2^3 + 74*nu2^2 - 364*nu2 - 233)*x^10 + (-18688*nu2^3 - 9376*nu2^2 + 70544*nu2 + 36720)*x^9 + (2013696*nu2^3 + 1045272*nu2^2 - 7500672*nu2 - 3870084)*x^8 + (-141240000*nu2^3 - 72958704*nu2^2 + 527231472*nu2 + 272509074)*x^7 + (6955539504*nu2^3 + 3599500500*nu2^2 - 25958896968*nu2 - 13434035802)*x^6 + (-244719186048*nu2^3 - 126687409248*nu2^2 + 913291343280*nu2 + 472781180592)*x^5 + (6150204038688*nu2^3 + 3183801132672*nu2^2 - 22952924840784*nu2 - 11882209390608)*x^4 + (-108194155101120*nu2^3 - 56008023839088*nu2^2 + 403786344397200*nu2 + 209025503285541)*x^3 + (1268823572722728*nu2^3 + 656810023029042*nu2^2 - 4735311690353004*nu2 - 2451243282835253)*x^2 + (-8927347242661888*nu2^3 - 4621198159580320*nu2^2 + 33317313224514368*nu2 + 17246539839493672)*x + (28549256849664800*nu2^3 + 14778265469645336*nu2^2 - 106547311898931472*nu2 - 55153296709470708))*y + 1/2);
Append(~curves, X2);
Append(~maps, phi2);
K3<nu3> := K3;
aInvs3 := [0,0,0,120*nu3^3 - 540*nu3^2 + 480*nu3 - 15,-7560*nu3^3 + 13860*nu3^2 + 5040*nu3 - 5522];
E3 := EllipticCurve(aInvs3);
X3 := BaseChange(E3, K3);
KX3<x,y> := FunctionField(X3);
phi3 := KX3!((1/1024*x^11 + 1/1024*(52*nu3^3 - 74*nu3^2 - 104*nu3 + 63)*x^10 + 1/1024*(-4232*nu3^3 + 9484*nu3^2 - 1952*nu3 - 781)*x^9 + 1/1024*(580356*nu3^3 - 1093338*nu3^2 - 217944*nu3 + 403149)*x^8 + 1/512*(-19269552*nu3^3 + 38337000*nu3^2 + 1381632*nu3 - 8446131)*x^7 + 1/512*(1082321556*nu3^3 - 2032686858*nu3^2 - 421688136*nu3 + 616712979)*x^6 + 1/512*(-37823117976*nu3^3 + 74434925700*nu3^2 + 6831832032*nu3 - 18379835877)*x^5 + 1/512*(1052607905268*nu3^3 - 2013911869314*nu3^2 - 329260353816*nu3 + 564605223813)*x^4 + 1/1024*(-39009047641440*nu3^3 + 75727914557520*nu3^2 + 9504039357696*nu3 - 19810293140235)*x^3 + 1/1024*(499977413525412*nu3^3 - 963337504528098*nu3^2 - 139747368227976*nu3 + 261174358610443)*x^2 + 1/1024*(-3806819914122632*nu3^3 + 7362058233385420*nu3^2 + 999012286847200*nu3 - 1961946788943033)*x + 1/1024*(13326314676841492*nu3^3 - 25730018133962978*nu3^2 - 3603559812570872*nu3 + 6911224114848185))/(x^11 + (52*nu3^3 - 74*nu3^2 - 104*nu3 + 63)*x^10 + (-4208*nu3^3 + 9376*nu3^2 - 1856*nu3 - 784)*x^9 + (554112*nu3^3 - 1045272*nu3^2 - 202752*nu3 + 311004)*x^8 + (-37728528*nu3^3 + 72958704*nu3^2 + 9674112*nu3 - 19325742)*x^7 + (1863261048*nu3^3 - 3599500500*nu3^2 - 497504688*nu3 + 963966198)*x^6 + (-65585400912*nu3^3 + 126687409248*nu3^2 + 17622417600*nu3 - 33968456400)*x^5 + (1647891313968*nu3^3 - 3183801132672*nu3^2 - 441361217184*nu3 + 852995140080)*x^4 + (-28990276007280*nu3^3 + 56008023839088*nu3^2 + 7766948928000*nu3 - 15006592070811)*x^3 + (339982600537908*nu3^3 - 656810023029042*nu3^2 - 91106829428904*nu3 + 175996809280915)*x^2 + (-2392075746133184*nu3^3 + 4621198159580320*nu3^2 + 640955741870848*nu3 - 1238252798827608)*x + (7649715499727728*nu3^3 - 14778265469645336*nu3^2 - 2049605149246112*nu3 + 3959765169110636))*y + 1/2);
Append(~curves, X3);
Append(~maps, phi3);
K4<nu4> := K4;
aInvs4 := [0,0,0,-960*nu4^3 + 540*nu4^2 + 3720*nu4 - 2175,25200*nu4^3 - 13860*nu4^2 - 93240*nu4 + 49918];
E4 := EllipticCurve(aInvs4);
X4 := BaseChange(E4, K4);
KX4<x,y> := FunctionField(X4);
phi4 := KX4!((1/1024*x^11 + 1/1024*(-104*nu4^3 + 74*nu4^2 + 364*nu4 - 233)*x^10 + 1/1024*(18880*nu4^3 - 9484*nu4^2 - 71288*nu4 + 37155)*x^9 + 1/1024*(-2103480*nu4^3 + 1093338*nu4^2 + 7833564*nu4 - 3970203)*x^8 + 1/512*(75696576*nu4^3 - 38337000*nu4^2 - 283516752*nu4 + 144901869)*x^7 + 1/512*(-3907598088*nu4^3 + 2032686858*nu4^2 + 14548070796*nu4 - 7514034453)*x^6 + 1/512*(144460639872*nu4^3 - 74434925700*nu4^2 - 540019441512*nu4 + 279359866923)*x^5 + 1/512*(-3881171267256*nu4^3 + 2013911869314*nu4^2 + 14472077163756*nu4 - 7491042253443)*x^4 + 1/1024*(146532151208064*nu4^3 - 75727914557520*nu4^2 - 547119557190816*nu4 + 283101365089845)*x^3 + 1/1024*(-1860162285873672*nu4^3 + 963337504528098*nu4^2 + 6940671729969276*nu4 - 3592175659501949)*x^2 + 1/1024*(14228267369643328*nu4^3 - 7362058233385420*nu4^2 - 53106249564450680*nu4 + 27486286144598647)*x + 1/1024*(-49701698894795096*nu4^3 + 25730018133962978*nu4^2 + 185480480902338892*nu4 - 96008848421003727))/(x^11 + (-104*nu4^3 + 74*nu4^2 + 364*nu4 - 233)*x^10 + (18688*nu4^3 - 9376*nu4^2 - 70544*nu4 + 36720)*x^9 + (-2013696*nu4^3 + 1045272*nu4^2 + 7500672*nu4 - 3870084)*x^8 + (141240000*nu4^3 - 72958704*nu4^2 - 527231472*nu4 + 272509074)*x^7 + (-6955539504*nu4^3 + 3599500500*nu4^2 + 25958896968*nu4 - 13434035802)*x^6 + (244719186048*nu4^3 - 126687409248*nu4^2 - 913291343280*nu4 + 472781180592)*x^5 + (-6150204038688*nu4^3 + 3183801132672*nu4^2 + 22952924840784*nu4 - 11882209390608)*x^4 + (108194155101120*nu4^3 - 56008023839088*nu4^2 - 403786344397200*nu4 + 209025503285541)*x^3 + (-1268823572722728*nu4^3 + 656810023029042*nu4^2 + 4735311690353004*nu4 - 2451243282835253)*x^2 + (8927347242661888*nu4^3 - 4621198159580320*nu4^2 - 33317313224514368*nu4 + 17246539839493672)*x - 28549256849664800*nu4^3 + 14778265469645336*nu4^2 + 106547311898931472*nu4 - 55153296709470708)*y + 1/2);
Append(~curves, X4);
Append(~maps, phi4);
s`BelyiDBBelyiCurves := curves;
s`BelyiDBBelyiMaps := maps;

/*
auto printing
*/

s`BelyiDBName := "24T389-[3,3,3]-3,3,3,3,3,3,3,3-3,3,3,3,3,3,3,3-3,3,3,3,3,3,3,3-g1";
s`BelyiDBFilename := "24T389-[3,3,3]-3,3,3,3,3,3,3,3-3,3,3,3,3,3,3,3-3,3,3,3,3,3,3,3-g1.m";
s`BelyiDBDegree := 24;
s`BelyiDBOrders := \[ 3, 3, 3 ];
s`BelyiDBType := "Euclidean";
s`BelyiDBGenus := 1;
s`BelyiDBSize := 4;
s`BelyiDBPointedSize := 4;
s`BelyiDBPermutationTriple := [ PermutationGroup<24 |  
\[ 2, 3, 4, 5, 6, 7, 8, 9, 10, 11, 12, 13, 14, 15, 16, 17, 18, 19, 20, 21, 22, 23, 24, 1 ],
\[ 2, 1, 3, 4, 5, 6, 7, 8, 9, 10, 11, 12, 13, 14, 15, 16, 17, 18, 19, 20, 21, 22, 23, 24 ]:
 Order := 620448401733239439360000 > |
[ 16, 4, 8, 9, 10, 12, 19, 24, 2, 13, 22, 15, 5, 11, 6, 17, 1, 21, 23, 18, 20, 14, 7, 3 ],
[ 21, 4, 8, 12, 7, 24, 13, 10, 11, 3, 22, 2, 5, 16, 6, 17, 14, 19, 23, 1, 20, 9, 18, 15 ],
[ 16, 22, 6, 12, 7, 24, 19, 10, 2, 13, 17, 15, 8, 11, 4, 20, 14, 21, 5, 1, 23, 9, 18, 3 ]
];
s`BelyiDBAutomorphismGroup := PermutationGroup<24 |  
\[ 14, 15, 13, 6, 23, 8, 18, 5, 12, 7, 2, 24, 19, 9, 3, 11, 22, 1, 21, 17, 16, 4, 20, 10 ]:
 Order := 8 >;
s`BelyiDBPointedAutomorphismGroup := PermutationGroup<24 |   >;
s`BelyiDBMonodromyGroup := PermutationGroup<24 |  
\[ 16, 4, 8, 9, 10, 12, 19, 24, 2, 13, 22, 15, 5, 11, 6, 17, 1, 21, 23, 18, 20, 14, 7, 3 ],
\[ 21, 4, 8, 12, 7, 24, 13, 10, 11, 3, 22, 2, 5, 16, 6, 17, 14, 19, 23, 1, 20, 9, 18, 15 ],
\[ 16, 22, 6, 12, 7, 24, 19, 10, 2, 13, 17, 15, 8, 11, 4, 20, 14, 21, 5, 1, 23, 9, 18, 3 ]:
 Order := 192 >;
s`BelyiDBPassport := [ PowerSequence(PermutationGroup<24 |  
\[ 16, 4, 8, 9, 10, 12, 19, 24, 2, 13, 22, 15, 5, 11, 6, 17, 1, 21, 23, 18, 20, 14, 7, 3 ],
\[ 21, 4, 8, 12, 7, 24, 13, 10, 11, 3, 22, 2, 5, 16, 6, 17, 14, 19, 23, 1, 20, 9, 18, 15 ],
\[ 16, 22, 6, 12, 7, 24, 19, 10, 2, 13, 17, 15, 8, 11, 4, 20, 14, 21, 5, 1, 23, 9, 18, 3 ]:
 Order := 192 >) |
[ PermutationGroup<24 |  
\[ 16, 4, 8, 9, 10, 12, 19, 24, 2, 13, 22, 15, 5, 11, 6, 17, 1, 21, 23, 18, 20, 14, 7, 3 ],
\[ 21, 4, 8, 12, 7, 24, 13, 10, 11, 3, 22, 2, 5, 16, 6, 17, 14, 19, 23, 1, 20, 9, 18, 15 ],
\[ 16, 22, 6, 12, 7, 24, 19, 10, 2, 13, 17, 15, 8, 11, 4, 20, 14, 21, 5, 1, 23, 9, 18, 3 ]:
 Order := 192 > |
[ 16, 4, 8, 9, 10, 12, 19, 24, 2, 13, 22, 15, 5, 11, 6, 17, 1, 21, 23, 18, 20, 14, 7, 3 ],
[ 16, 5, 20, 18, 9, 1, 19, 14, 2, 13, 8, 15, 17, 11, 23, 6, 10, 21, 22, 24, 4, 7, 12, 3 ],
[ 13, 5, 20, 9, 10, 12, 15, 24, 21, 2, 8, 16, 17, 19, 23, 6, 1, 3, 22, 18, 4, 14, 7, 11 ]
],
[ PermutationGroup<24 |  
\[ 16, 4, 8, 9, 10, 12, 19, 24, 2, 13, 22, 15, 5, 11, 6, 17, 1, 21, 23, 18, 20, 14, 7, 3 ],
\[ 21, 4, 8, 12, 7, 24, 13, 10, 11, 3, 22, 2, 5, 16, 6, 17, 14, 19, 23, 1, 20, 9, 18, 15 ],
\[ 16, 22, 6, 12, 7, 24, 19, 10, 2, 13, 17, 15, 8, 11, 4, 20, 14, 21, 5, 1, 23, 9, 18, 3 ]:
 Order := 192 > |
[ 16, 4, 8, 9, 10, 12, 19, 24, 2, 13, 22, 15, 5, 11, 6, 17, 1, 21, 23, 18, 20, 14, 7, 3 ],
[ 11, 17, 4, 12, 7, 24, 21, 10, 15, 19, 20, 3, 6, 2, 22, 23, 14, 16, 8, 1, 5, 9, 18, 13 ],
[ 2, 22, 6, 14, 24, 9, 16, 12, 3, 21, 17, 13, 8, 15, 4, 20, 18, 11, 5, 7, 23, 1, 10, 19 ]
],
[ PermutationGroup<24 |  
\[ 16, 4, 8, 9, 10, 12, 19, 24, 2, 13, 22, 15, 5, 11, 6, 17, 1, 21, 23, 18, 20, 14, 7, 3 ],
\[ 21, 4, 8, 12, 7, 24, 13, 10, 11, 3, 22, 2, 5, 16, 6, 17, 14, 19, 23, 1, 20, 9, 18, 15 ],
\[ 16, 22, 6, 12, 7, 24, 19, 10, 2, 13, 17, 15, 8, 11, 4, 20, 14, 21, 5, 1, 23, 9, 18, 3 ]:
 Order := 192 > |
[ 16, 4, 8, 9, 10, 12, 19, 24, 2, 13, 22, 15, 5, 11, 6, 17, 1, 21, 23, 18, 20, 14, 7, 3 ],
[ 11, 8, 23, 18, 9, 1, 21, 14, 15, 19, 6, 3, 20, 2, 5, 4, 10, 16, 17, 24, 22, 7, 12, 13 ],
[ 19, 5, 20, 14, 24, 9, 3, 12, 16, 15, 8, 11, 17, 21, 23, 6, 18, 13, 22, 7, 4, 1, 10, 2 ]
],
[ PermutationGroup<24 |  
\[ 16, 4, 8, 9, 10, 12, 19, 24, 2, 13, 22, 15, 5, 11, 6, 17, 1, 21, 23, 18, 20, 14, 7, 3 ],
\[ 21, 4, 8, 12, 7, 24, 13, 10, 11, 3, 22, 2, 5, 16, 6, 17, 14, 19, 23, 1, 20, 9, 18, 15 ],
\[ 16, 22, 6, 12, 7, 24, 19, 10, 2, 13, 17, 15, 8, 11, 4, 20, 14, 21, 5, 1, 23, 9, 18, 3 ]:
 Order := 192 > |
[ 16, 4, 8, 9, 10, 12, 19, 24, 2, 13, 22, 15, 5, 11, 6, 17, 1, 21, 23, 18, 20, 14, 7, 3 ],
[ 3, 5, 20, 12, 7, 24, 2, 10, 19, 11, 8, 21, 17, 13, 23, 6, 14, 15, 22, 1, 4, 9, 18, 16 ],
[ 13, 22, 6, 7, 14, 18, 15, 1, 21, 2, 17, 16, 8, 19, 4, 20, 24, 3, 5, 12, 23, 10, 9, 11 ]
]
];
s`BelyiDBPointedPassport := [ PowerSequence(PermutationGroup<24 |  
\[ 2, 3, 4, 5, 6, 7, 8, 9, 10, 11, 12, 13, 14, 15, 16, 17, 18, 19, 20, 21, 22, 23, 24, 1 ],
\[ 2, 1, 3, 4, 5, 6, 7, 8, 9, 10, 11, 12, 13, 14, 15, 16, 17, 18, 19, 20, 21, 22, 23, 24 ]:
 Order := 620448401733239439360000 >) |
[ PermutationGroup<24 |  
\[ 2, 3, 4, 5, 6, 7, 8, 9, 10, 11, 12, 13, 14, 15, 16, 17, 18, 19, 20, 21, 22, 23, 24, 1 ],
\[ 2, 1, 3, 4, 5, 6, 7, 8, 9, 10, 11, 12, 13, 14, 15, 16, 17, 18, 19, 20, 21, 22, 23, 24 ]:
 Order := 620448401733239439360000 > |
[ 16, 4, 8, 9, 10, 12, 19, 24, 2, 13, 22, 15, 5, 11, 6, 17, 1, 21, 23, 18, 20, 14, 7, 3 ],
[ 21, 4, 8, 12, 7, 24, 13, 10, 11, 3, 22, 2, 5, 16, 6, 17, 14, 19, 23, 1, 20, 9, 18, 15 ],
[ 16, 22, 6, 12, 7, 24, 19, 10, 2, 13, 17, 15, 8, 11, 4, 20, 14, 21, 5, 1, 23, 9, 18, 3 ]
],
[ PermutationGroup<24 |  
\[ 2, 3, 4, 5, 6, 7, 8, 9, 10, 11, 12, 13, 14, 15, 16, 17, 18, 19, 20, 21, 22, 23, 24, 1 ],
\[ 2, 1, 3, 4, 5, 6, 7, 8, 9, 10, 11, 12, 13, 14, 15, 16, 17, 18, 19, 20, 21, 22, 23, 24 ]:
 Order := 620448401733239439360000 > |
[ 16, 4, 8, 9, 10, 12, 19, 24, 2, 13, 22, 15, 5, 11, 6, 17, 1, 21, 23, 18, 20, 14, 7, 3 ],
[ 21, 22, 6, 24, 18, 10, 13, 7, 11, 3, 17, 2, 8, 16, 4, 20, 9, 19, 5, 14, 23, 12, 1, 15 ],
[ 11, 17, 4, 12, 7, 24, 21, 10, 15, 19, 20, 3, 6, 2, 22, 23, 14, 16, 8, 1, 5, 9, 18, 13 ]
],
[ PermutationGroup<24 |  
\[ 2, 3, 4, 5, 6, 7, 8, 9, 10, 11, 12, 13, 14, 15, 16, 17, 18, 19, 20, 21, 22, 23, 24, 1 ],
\[ 2, 1, 3, 4, 5, 6, 7, 8, 9, 10, 11, 12, 13, 14, 15, 16, 17, 18, 19, 20, 21, 22, 23, 24 ]:
 Order := 620448401733239439360000 > |
[ 15, 8, 23, 10, 1, 7, 11, 18, 13, 16, 6, 19, 20, 3, 5, 4, 12, 2, 17, 9, 22, 24, 14, 21 ],
[ 19, 5, 20, 14, 24, 9, 3, 12, 16, 15, 8, 11, 17, 21, 23, 6, 18, 13, 22, 7, 4, 1, 10, 2 ],
[ 2, 17, 4, 9, 10, 12, 16, 24, 3, 21, 20, 13, 6, 15, 22, 23, 1, 11, 8, 18, 5, 14, 7, 19 ]
],
[ PermutationGroup<24 |  
\[ 2, 3, 4, 5, 6, 7, 8, 9, 10, 11, 12, 13, 14, 15, 16, 17, 18, 19, 20, 21, 22, 23, 24, 1 ],
\[ 2, 1, 3, 4, 5, 6, 7, 8, 9, 10, 11, 12, 13, 14, 15, 16, 17, 18, 19, 20, 21, 22, 23, 24 ]:
 Order := 620448401733239439360000 > |
[ 21, 8, 23, 14, 24, 9, 13, 12, 11, 3, 6, 2, 20, 16, 5, 4, 18, 19, 17, 7, 22, 1, 10, 15 ],
[ 2, 6, 5, 18, 9, 1, 16, 14, 3, 21, 4, 13, 23, 15, 8, 22, 10, 11, 20, 24, 17, 7, 12, 19 ],
[ 16, 23, 17, 7, 14, 18, 19, 1, 2, 13, 5, 15, 22, 11, 20, 8, 24, 21, 4, 12, 6, 10, 9, 3 ]
]
];

/*
Numerical Data
*/


/*
Powser Bases
*/


/*
Return for eval
*/

return s;
