s := BelyiDBInitialize();

/*
Base Field Data
*/

base_field_data := [* *];
K1<nu1> := RationalsAsNumberField();
place1 := InfinitePlaces(K1)[1];
conj1 := false;
CC<I> := ComplexField(20);
z1 := 0.00000000000000000000p20;
base_field_data_1 := [* K1, place1, conj1, z1 *];
Append(~base_field_data, base_field_data_1);
s`BelyiDBBaseFieldData := base_field_data;

/*
Belyi Maps
*/

curves := [* *];
maps := [* *];
K1<nu1> := K1;
X1 := Curve(ProjectiveSpace(PolynomialRing(K1, 2)));
KX1<x> := FunctionField(X1);
phi1 := KX1!((x^24 - 1181952*x^22 + 468088823808*x^20 - 63046303525896192*x^18 + 365544345796803035136*x^16 + 1576124625645027213705216*x^14 - 5900544796575899519884984320*x^12 - 32142294443651691610154798678016*x^10 - 3422078601943995921366744570003456*x^8 + 233905916600076009217259724848876224512*x^6 + 592659773224534161601448730250797574520832*x^4 + 635658261599169329739705562266234750272274432*x^2 + 274604369010841150447552802899013412117622554624)/(x^24 + 1804032*x^22 + 757036523520*x^20 - 51241386532405248*x^18 + 628449761945544818688*x^16 + 5004943718890237776101376*x^14 + 20124735556634178078300438528*x^12 + 74259783714643563375185224531968*x^10 + 191256170753092216494163613190193152*x^8 + 360057422182139474862523396677483626496*x^6 + 592659773224534161601448730250797574520832*x^4 + 635658261599169329739705562266234750272274432*x^2 + 274604369010841150447552802899013412117622554624));
Append(~curves, X1);
Append(~maps, phi1);
s`BelyiDBBelyiCurves := curves;
s`BelyiDBBelyiMaps := maps;

/*
auto printing
*/

s`BelyiDBName := "24T78-[3,6,2]-3,3,3,3,3,3,3,3-6,6,6,2,2,2-2,2,2,2,2,2,2,2,2,2,2,2-g0";
s`BelyiDBFilename := "24T78-[3,6,2]-3,3,3,3,3,3,3,3-6,6,6,2,2,2-2,2,2,2,2,2,2,2,2,2,2,2-g0.m";
s`BelyiDBDegree := 24;
s`BelyiDBOrders := \[ 3, 6, 2 ];
s`BelyiDBType := "Euclidean";
s`BelyiDBGenus := 0;
s`BelyiDBSize := 1;
s`BelyiDBPointedSize := 1;
s`BelyiDBPermutationTriple := [ PermutationGroup<24 |  
\[ 2, 3, 4, 5, 6, 7, 8, 9, 10, 11, 12, 13, 14, 15, 16, 17, 18, 19, 20, 21, 22, 23, 24, 1 ],
\[ 2, 1, 3, 4, 5, 6, 7, 8, 9, 10, 11, 12, 13, 14, 15, 16, 17, 18, 19, 20, 21, 22, 23, 24 ]:
 Order := 620448401733239439360000 > |
[ 13, 21, 17, 18, 22, 15, 9, 11, 10, 7, 12, 8, 20, 3, 24, 2, 14, 19, 4, 1, 16, 23, 5, 6 ],
[ 21, 12, 10, 22, 18, 17, 14, 16, 4, 13, 5, 15, 2, 24, 3, 20, 6, 7, 23, 9, 1, 8, 19, 11 ],
[ 16, 8, 7, 23, 19, 14, 3, 2, 18, 20, 22, 24, 21, 6, 17, 1, 15, 9, 5, 10, 13, 11, 4, 12 ]
];
s`BelyiDBAutomorphismGroup := PermutationGroup<24 |  
\[ 6, 3, 2, 5, 4, 1, 8, 7, 11, 12, 9, 10, 15, 16, 13, 14, 21, 22, 23, 24, 17, 18, 19, 20 ],
\[ 17, 24, 18, 13, 16, 23, 9, 12, 10, 7, 8, 11, 14, 4, 5, 15, 19, 20, 1, 3, 6, 2, 21, 22 ]:
 Order := 6 >;
s`BelyiDBPointedAutomorphismGroup := PermutationGroup<24 |   >;
s`BelyiDBMonodromyGroup := PermutationGroup<24 |  
\[ 13, 21, 17, 18, 22, 15, 9, 11, 10, 7, 12, 8, 20, 3, 24, 2, 14, 19, 4, 1, 16, 23, 5, 6 ],
\[ 21, 12, 10, 22, 18, 17, 14, 16, 4, 13, 5, 15, 2, 24, 3, 20, 6, 7, 23, 9, 1, 8, 19, 11 ],
\[ 16, 8, 7, 23, 19, 14, 3, 2, 18, 20, 22, 24, 21, 6, 17, 1, 15, 9, 5, 10, 13, 11, 4, 12 ]:
 Order := 72 >;
s`BelyiDBPassport := [ PowerSequence(PermutationGroup<24 |  
\[ 13, 21, 17, 18, 22, 15, 9, 11, 10, 7, 12, 8, 20, 3, 24, 2, 14, 19, 4, 1, 16, 23, 5, 6 ],
\[ 21, 12, 10, 22, 18, 17, 14, 16, 4, 13, 5, 15, 2, 24, 3, 20, 6, 7, 23, 9, 1, 8, 19, 11 ],
\[ 16, 8, 7, 23, 19, 14, 3, 2, 18, 20, 22, 24, 21, 6, 17, 1, 15, 9, 5, 10, 13, 11, 4, 12 ]:
 Order := 72 >) |
[ PermutationGroup<24 |  
\[ 13, 21, 17, 18, 22, 15, 9, 11, 10, 7, 12, 8, 20, 3, 24, 2, 14, 19, 4, 1, 16, 23, 5, 6 ],
\[ 21, 12, 10, 22, 18, 17, 14, 16, 4, 13, 5, 15, 2, 24, 3, 20, 6, 7, 23, 9, 1, 8, 19, 11 ],
\[ 16, 8, 7, 23, 19, 14, 3, 2, 18, 20, 22, 24, 21, 6, 17, 1, 15, 9, 5, 10, 13, 11, 4, 12 ]:
 Order := 72 > |
[ 20, 16, 14, 19, 23, 24, 10, 12, 7, 9, 8, 11, 1, 17, 6, 21, 3, 4, 18, 13, 2, 5, 22, 15 ],
[ 21, 13, 15, 9, 11, 17, 18, 22, 20, 3, 24, 2, 10, 7, 12, 8, 6, 5, 23, 16, 1, 4, 19, 14 ],
[ 2, 1, 6, 7, 8, 3, 4, 5, 13, 14, 15, 16, 9, 10, 11, 12, 24, 23, 22, 21, 20, 19, 18, 17 ]
]
];
s`BelyiDBPointedPassport := [ PowerSequence(PermutationGroup<24 |  
\[ 2, 3, 4, 5, 6, 7, 8, 9, 10, 11, 12, 13, 14, 15, 16, 17, 18, 19, 20, 21, 22, 23, 24, 1 ],
\[ 2, 1, 3, 4, 5, 6, 7, 8, 9, 10, 11, 12, 13, 14, 15, 16, 17, 18, 19, 20, 21, 22, 23, 24 ]:
 Order := 620448401733239439360000 >) |
[ PermutationGroup<24 |  
\[ 2, 3, 4, 5, 6, 7, 8, 9, 10, 11, 12, 13, 14, 15, 16, 17, 18, 19, 20, 21, 22, 23, 24, 1 ],
\[ 2, 1, 3, 4, 5, 6, 7, 8, 9, 10, 11, 12, 13, 14, 15, 16, 17, 18, 19, 20, 21, 22, 23, 24 ]:
 Order := 620448401733239439360000 > |
[ 13, 21, 17, 18, 22, 15, 9, 11, 10, 7, 12, 8, 20, 3, 24, 2, 14, 19, 4, 1, 16, 23, 5, 6 ],
[ 21, 12, 10, 22, 18, 17, 14, 16, 4, 13, 5, 15, 2, 24, 3, 20, 6, 7, 23, 9, 1, 8, 19, 11 ],
[ 16, 8, 7, 23, 19, 14, 3, 2, 18, 20, 22, 24, 21, 6, 17, 1, 15, 9, 5, 10, 13, 11, 4, 12 ]
]
];

/*
Numerical Data
*/


/*
Powser Bases
*/


/*
Return for eval
*/

return s;
