s := BelyiDBInitialize();

/*
Base Field Data
*/

base_field_data := [* *];
K1<nu1> := NumberField(Polynomial([RationalField() | 1, -1, 1]));
place1 := InfinitePlaces(K1)[1];
conj1 := false;
CC<I> := ComplexField(20);
z1 := 0.00000000000000000000p20;
base_field_data_1 := [* K1, place1, conj1, z1 *];
Append(~base_field_data, base_field_data_1);
K2<nu2> := NumberField(Polynomial([RationalField() | 1, -1, 1]));
place2 := InfinitePlaces(K2)[1];
conj2 := false;
CC<I> := ComplexField(20);
z2 := 0.00000000000000000000p20;
base_field_data_2 := [* K2, place2, conj2, z2 *];
Append(~base_field_data, base_field_data_2);
s`BelyiDBBaseFieldData := base_field_data;

/*
Belyi Maps
*/

curves := [* *];
maps := [* *];
K1<nu1> := K1;
X1 := Curve(ProjectiveSpace(PolynomialRing(K1, 2)));
KX1<x> := FunctionField(X1);
phi1 := KX1!((1/43904*x^28 + 1/2*x^27 + 1/49*(216*nu1 + 161325)*x^26 + 1/7*(654336*nu1 + 24027264)*x^25 + 1/49*(29117228544*nu1 - 962283349728)*x^24 + 1/49*(29617091444736*nu1 + 374164234260480)*x^23 + 1/49*(-158528343679893504*nu1 + 182438524556255232)*x^22 + 1/343*(437094721409997864960*nu1 + 1704911411901394059264)*x^21 + 1/7*(2348893528451620798464*nu1 - 13987618966522289848320)*x^20 + 1/49*(40550614541611728617078784*nu1 - 59168706166930768637460480)*x^19 + 1/7*(-1933542648951032358044172288*nu1 - 5135405025455298139907948544)*x^18 + 1/49*(-5007088961445892494858563616768*nu1 - 1554496986999350711649457668096)*x^17 + 1/49*(-5347671745820029360362129513775104*nu1 + 849775573914140019596431611396096)*x^16 + 1/49*(-315133576923180065863021465222250496*nu1 + 593200859867027804579674577883365376)*x^15 + 1/343*(-1728068548718424868982879844008089092096*nu1 + 801647018438272648043004074484566065152)*x^14 + 1/7*(4459220469705182487764540200316175384576*nu1 + 569115508284196168546857061158777520128)*x^13 + 1/49*(-15744013689217425567404209802149094655787008*nu1 + 11862633433106010425842657739211319573217280)*x^12 + 1/7*(156177619862643414517155326708306262336995328*nu1 - 258229345058247028356118285551494506909532160)*x^11 + 1/49*(-155596727174242043409842711895122795990624501760*nu1 + 605417109541420471100467685096821345293975945216)*x^10 + 1/7*(-7154877122976251986767189335314612606934653599744*nu1 - 2795627789783106235385351924603391563165167779840)*x^9 + 1/49*(9740001691775301998891674508023313580070527534366720*nu1 + 505853260444432685477430340383603789556731013496832)*x^8 + (-34324452214473255606930241721332954065510226250956800*nu1 + 30151402658934207796048959486614846076234072342921216)*x^7 + 1/7*(9282887882911124858084217930635946988379822219713314816*nu1 - 17136262004189887404399060267872133776542376375290429440)*x^6 + (-9227643464946409004789336043179238318079264311025336320*nu1 + 446547015015584030765769620603921776237758618319038971904)*x^5 + 1/7*(-197220495708040701208912634844331181836066875277991057817600*nu1 + 16500359885244877370761643733500724907860667157294151106560)*x^4 + (2524422345062920975474081726007439127501656003558285540065280*nu1 - 211204606531134430345749039788809278820616539613365134163968)*x^3 + 1/49*(-13308385663874071442765857377175766960537032827993266060557025280*nu1 + 16217594528057992390461780724028858566516200287675189120269811712)*x^2 + 1/343*(147813644224277009717075436270971170146467568011639341990772452884480*nu1 + 402332912779825920091067785823444000527894311113625003297652422475776))/(x^27 + 1/7*(1308672*nu1 + 48054528)*x^25 + 1/49*(59234182889472*nu1 + 748328468520960)*x^23 + 1/343*(874189442819995729920*nu1 + 3409822823802788118528)*x^21 + 1/49*(81101229083223457234157568*nu1 - 118337412333861537274920960)*x^19 + 1/49*(-10014177922891784989717127233536*nu1 - 3108993973998701423298915336192)*x^17 + 1/49*(-630267153846360131726042930444500992*nu1 + 1186401719734055609159349155766730752)*x^15 + 1/7*(8918440939410364975529080400632350769152*nu1 + 1138231016568392337093714122317555040256)*x^13 + 1/7*(312355239725286829034310653416612524673990656*nu1 - 516458690116494056712236571102989013819064320)*x^11 + 1/7*(-14309754245952503973534378670629225213869307199488*nu1 - 5591255579566212470770703849206783126330335559680)*x^9 + (-68648904428946511213860483442665908131020452501913600*nu1 + 60302805317868415592097918973229692152468144685842432)*x^7 + (-18455286929892818009578672086358476636158528622050672640*nu1 + 893094030031168061531539241207843552475517236638077943808)*x^5 + (5048844690125841950948163452014878255003312007116571080130560*nu1 - 422409213062268860691498079577618557641233079226730268327936)*x^3));
Append(~curves, X1);
Append(~maps, phi1);
K2<nu2> := K2;
X2 := Curve(ProjectiveSpace(PolynomialRing(K2, 2)));
KX2<x> := FunctionField(X2);
phi2 := KX2!((1/43904*x^28 + 1/2*x^27 + 1/49*(-216*nu2 + 161541)*x^26 + 1/7*(-654336*nu2 + 24681600)*x^25 + 1/49*(-29117228544*nu2 - 933166121184)*x^24 + 1/49*(-29617091444736*nu2 + 403781325705216)*x^23 + 1/49*(158528343679893504*nu2 + 23910180876361728)*x^22 + 1/343*(-437094721409997864960*nu2 + 2142006133311391924224)*x^21 + 1/7*(-2348893528451620798464*nu2 - 11638725438070669049856)*x^20 + 1/49*(-40550614541611728617078784*nu2 - 18618091625319040020381696)*x^19 + 1/7*(1933542648951032358044172288*nu2 - 7068947674406330497952120832)*x^18 + 1/49*(5007088961445892494858563616768*nu2 - 6561585948445243206508021284864)*x^17 + 1/49*(5347671745820029360362129513775104*nu2 - 4497896171905889340765697902379008)*x^16 + 1/49*(315133576923180065863021465222250496*nu2 + 278067282943847738716653112661114880)*x^15 + 1/343*(1728068548718424868982879844008089092096*nu2 - 926421530280152220939875769523523026944)*x^14 + 1/7*(-4459220469705182487764540200316175384576*nu2 + 5028335977989378656311397261474952904704)*x^13 + 1/49*(15744013689217425567404209802149094655787008*nu2 - 3881380256111415141561552062937775082569728)*x^12 + 1/7*(-156177619862643414517155326708306262336995328*nu2 - 102051725195603613838962958843188244572536832)*x^11 + 1/49*(155596727174242043409842711895122795990624501760*nu2 + 449820382367178427690624973201698549303351443456)*x^10 + 1/7*(7154877122976251986767189335314612606934653599744*nu2 - 9950504912759358222152541259918004170099821379584)*x^9 + 1/49*(-9740001691775301998891674508023313580070527534366720*nu2 + 10245854952219734684369104848406917369627258547863552)*x^8 + (34324452214473255606930241721332954065510226250956800*nu2 - 4173049555539047810881282234718107989276153908035584)*x^7 + 1/7*(-9282887882911124858084217930635946988379822219713314816*nu2 - 7853374121278762546314842337236186788162554155577114624)*x^6 + (9227643464946409004789336043179238318079264311025336320*nu2 + 437319371550637621760980284560742537919679354008013635584)*x^5 + 1/7*(197220495708040701208912634844331181836066875277991057817600*nu2 - 180720135822795823838150991110830456928206208120696906711040)*x^4 + (-2524422345062920975474081726007439127501656003558285540065280*nu2 + 2313217738531786545128332686218629848681039463944920405901312)*x^3 + 1/49*(13308385663874071442765857377175766960537032827993266060557025280*nu2 + 2909208864183920947695923346853091605979167459681923059712786432)*x^2 + 1/343*(-147813644224277009717075436270971170146467568011639341990772452884480*nu2 + 550146557004102929808143222094415170674361879125264345288424875360256))/(x^27 + 1/7*(-1308672*nu2 + 49363200)*x^25 + 1/49*(-59234182889472*nu2 + 807562651410432)*x^23 + 1/343*(-874189442819995729920*nu2 + 4284012266622783848448)*x^21 + 1/49*(-81101229083223457234157568*nu2 - 37236183250638080040763392)*x^19 + 1/49*(10014177922891784989717127233536*nu2 - 13123171896890486413016042569728)*x^17 + 1/49*(630267153846360131726042930444500992*nu2 + 556134565887695477433306225322229760)*x^15 + 1/7*(-8918440939410364975529080400632350769152*nu2 + 10056671955978757312622794522949905809408)*x^13 + 1/7*(-312355239725286829034310653416612524673990656*nu2 - 204103450391207227677925917686376489145073664)*x^11 + 1/7*(14309754245952503973534378670629225213869307199488*nu2 - 19901009825518716444305082519836008340199642759168)*x^9 + (68648904428946511213860483442665908131020452501913600*nu2 - 8346099111078095621762564469436215978552307816071168)*x^7 + (18455286929892818009578672086358476636158528622050672640*nu2 + 874638743101275243521960569121485075839358708016027271168)*x^5 + (-5048844690125841950948163452014878255003312007116571080130560*nu2 + 4626435477063573090256665372437259697362078927889840811802624)*x^3));
Append(~curves, X2);
Append(~maps, phi2);
s`BelyiDBBelyiCurves := curves;
s`BelyiDBBelyiMaps := maps;

/*
auto printing
*/

s`BelyiDBName := "28T16-[3,3,3]-3,3,3,3,3,3,3,3,3,1-3,3,3,3,3,3,3,3,3,1-3,3,3,3,3,3,3,3,3,1-g0";
s`BelyiDBFilename := "28T16-[3,3,3]-3,3,3,3,3,3,3,3,3,1-3,3,3,3,3,3,3,3,3,1-3,3,3,3,3,3,3,3,3,1-g0.m";
s`BelyiDBDegree := 28;
s`BelyiDBOrders := \[ 3, 3, 3 ];
s`BelyiDBType := "Euclidean";
s`BelyiDBGenus := 0;
s`BelyiDBSize := 2;
s`BelyiDBPointedSize := 2;
s`BelyiDBPermutationTriple := [ PermutationGroup<28 |  
\[ 2, 3, 4, 5, 6, 7, 8, 9, 10, 11, 12, 13, 14, 15, 16, 17, 18, 19, 20, 21, 22, 23, 24, 25, 26, 27, 28, 1 ],
\[ 2, 1, 3, 4, 5, 6, 7, 8, 9, 10, 11, 12, 13, 14, 15, 16, 17, 18, 19, 20, 21, 22, 23, 24, 25, 26, 27, 28 ]:
 Order := 304888344611713860501504000000 > |
[ 1, 4, 6, 5, 2, 7, 3, 13, 15, 17, 10, 18, 14, 8, 16, 9, 11, 19, 12, 24, 22, 28, 20, 23, 27, 25, 26, 21 ],
[ 13, 22, 24, 18, 4, 6, 15, 9, 21, 26, 28, 11, 17, 10, 27, 3, 1, 5, 23, 2, 8, 20, 25, 16, 19, 14, 7, 12 ],
[ 17, 18, 27, 20, 5, 16, 6, 26, 24, 12, 13, 25, 21, 1, 8, 7, 14, 28, 4, 19, 11, 9, 3, 22, 10, 15, 23, 2 ]
];
s`BelyiDBAutomorphismGroup := PermutationGroup<28 |   >;
s`BelyiDBPointedAutomorphismGroup := PermutationGroup<28 |   >;
s`BelyiDBMonodromyGroup := PermutationGroup<28 |  
\[ 1, 4, 6, 5, 2, 7, 3, 13, 15, 17, 10, 18, 14, 8, 16, 9, 11, 19, 12, 24, 22, 28, 20, 23, 27, 25, 26, 21 ],
\[ 13, 22, 24, 18, 4, 6, 15, 9, 21, 26, 28, 11, 17, 10, 27, 3, 1, 5, 23, 2, 8, 20, 25, 16, 19, 14, 7, 12 ],
\[ 17, 18, 27, 20, 5, 16, 6, 26, 24, 12, 13, 25, 21, 1, 8, 7, 14, 28, 4, 19, 11, 9, 3, 22, 10, 15, 23, 2 ]:
 Order := 84 >;
s`BelyiDBPassport := [ PowerSequence(PermutationGroup<28 |  
\[ 1, 4, 6, 5, 2, 7, 3, 13, 15, 17, 10, 18, 14, 8, 16, 9, 11, 19, 12, 24, 22, 28, 20, 23, 27, 25, 26, 21 ],
\[ 13, 22, 24, 18, 4, 6, 15, 9, 21, 26, 28, 11, 17, 10, 27, 3, 1, 5, 23, 2, 8, 20, 25, 16, 19, 14, 7, 12 ],
\[ 17, 18, 27, 20, 5, 16, 6, 26, 24, 12, 13, 25, 21, 1, 8, 7, 14, 28, 4, 19, 11, 9, 3, 22, 10, 15, 23, 2 ]:
 Order := 84 >) |
[ PermutationGroup<28 |  
\[ 1, 4, 6, 5, 2, 7, 3, 13, 15, 17, 10, 18, 14, 8, 16, 9, 11, 19, 12, 24, 22, 28, 20, 23, 27, 25, 26, 21 ],
\[ 13, 22, 24, 18, 4, 6, 15, 9, 21, 26, 28, 11, 17, 10, 27, 3, 1, 5, 23, 2, 8, 20, 25, 16, 19, 14, 7, 12 ],
\[ 17, 18, 27, 20, 5, 16, 6, 26, 24, 12, 13, 25, 21, 1, 8, 7, 14, 28, 4, 19, 11, 9, 3, 22, 10, 15, 23, 2 ]:
 Order := 84 > |
[ 13, 22, 24, 18, 4, 6, 15, 9, 21, 26, 28, 11, 17, 10, 27, 3, 1, 5, 23, 2, 8, 20, 25, 16, 19, 14, 7, 12 ],
[ 14, 5, 16, 28, 19, 23, 7, 17, 6, 21, 1, 20, 15, 11, 22, 26, 25, 10, 2, 27, 18, 13, 9, 4, 8, 3, 12, 24 ],
[ 8, 12, 3, 2, 21, 9, 20, 10, 25, 1, 27, 4, 11, 16, 7, 28, 22, 24, 17, 15, 23, 19, 5, 26, 6, 18, 13, 14 ]
],
[ PermutationGroup<28 |  
\[ 1, 4, 6, 5, 2, 7, 3, 13, 15, 17, 10, 18, 14, 8, 16, 9, 11, 19, 12, 24, 22, 28, 20, 23, 27, 25, 26, 21 ],
\[ 13, 22, 24, 18, 4, 6, 15, 9, 21, 26, 28, 11, 17, 10, 27, 3, 1, 5, 23, 2, 8, 20, 25, 16, 19, 14, 7, 12 ],
\[ 17, 18, 27, 20, 5, 16, 6, 26, 24, 12, 13, 25, 21, 1, 8, 7, 14, 28, 4, 19, 11, 9, 3, 22, 10, 15, 23, 2 ]:
 Order := 84 > |
[ 17, 20, 16, 5, 18, 6, 27, 21, 8, 14, 12, 28, 1, 26, 7, 24, 13, 4, 25, 22, 9, 2, 19, 3, 23, 10, 15, 11 ],
[ 11, 19, 26, 24, 2, 9, 7, 25, 23, 18, 14, 27, 22, 1, 13, 3, 8, 21, 5, 12, 10, 15, 6, 28, 17, 16, 20, 4 ],
[ 15, 13, 4, 10, 28, 23, 22, 6, 18, 3, 24, 1, 25, 21, 12, 16, 14, 19, 9, 5, 17, 27, 8, 26, 2, 11, 7, 20 ]
]
];
s`BelyiDBPointedPassport := [ PowerSequence(PermutationGroup<28 |  
\[ 2, 3, 4, 5, 6, 7, 8, 9, 10, 11, 12, 13, 14, 15, 16, 17, 18, 19, 20, 21, 22, 23, 24, 25, 26, 27, 28, 1 ],
\[ 2, 1, 3, 4, 5, 6, 7, 8, 9, 10, 11, 12, 13, 14, 15, 16, 17, 18, 19, 20, 21, 22, 23, 24, 25, 26, 27, 28 ]:
 Order := 304888344611713860501504000000 >) |
[ PermutationGroup<28 |  
\[ 2, 3, 4, 5, 6, 7, 8, 9, 10, 11, 12, 13, 14, 15, 16, 17, 18, 19, 20, 21, 22, 23, 24, 25, 26, 27, 28, 1 ],
\[ 2, 1, 3, 4, 5, 6, 7, 8, 9, 10, 11, 12, 13, 14, 15, 16, 17, 18, 19, 20, 21, 22, 23, 24, 25, 26, 27, 28 ]:
 Order := 304888344611713860501504000000 > |
[ 1, 4, 6, 5, 2, 7, 3, 13, 15, 17, 10, 18, 14, 8, 16, 9, 11, 19, 12, 24, 22, 28, 20, 23, 27, 25, 26, 21 ],
[ 13, 22, 24, 18, 4, 6, 15, 9, 21, 26, 28, 11, 17, 10, 27, 3, 1, 5, 23, 2, 8, 20, 25, 16, 19, 14, 7, 12 ],
[ 17, 18, 27, 20, 5, 16, 6, 26, 24, 12, 13, 25, 21, 1, 8, 7, 14, 28, 4, 19, 11, 9, 3, 22, 10, 15, 23, 2 ]
],
[ PermutationGroup<28 |  
\[ 2, 3, 4, 5, 6, 7, 8, 9, 10, 11, 12, 13, 14, 15, 16, 17, 18, 19, 20, 21, 22, 23, 24, 25, 26, 27, 28, 1 ],
\[ 2, 1, 3, 4, 5, 6, 7, 8, 9, 10, 11, 12, 13, 14, 15, 16, 17, 18, 19, 20, 21, 22, 23, 24, 25, 26, 27, 28 ]:
 Order := 304888344611713860501504000000 > |
[ 1, 5, 7, 2, 4, 3, 6, 14, 16, 11, 17, 19, 8, 13, 9, 15, 10, 12, 18, 23, 28, 21, 24, 20, 26, 27, 25, 22 ],
[ 17, 20, 16, 5, 18, 6, 27, 21, 8, 14, 12, 28, 1, 26, 7, 24, 13, 4, 25, 22, 9, 2, 19, 3, 23, 10, 15, 11 ],
[ 13, 18, 6, 4, 22, 15, 24, 17, 27, 1, 26, 5, 10, 9, 3, 21, 28, 23, 11, 16, 20, 12, 2, 25, 7, 19, 14, 8 ]
]
];

/*
Numerical Data
*/


/*
Powser Bases
*/


/*
Return for eval
*/

return s;
